name: "Cap_radial 0.100 centers_ID015520"
author: "Steve McCown"
description: "Cap_radial 0.100 centers, 0.142 x 0.091"
units: NM
ref_text: 1270000 -1347038 -3502299 135 177800
value_text: 1270000 -3232892 538815 135 177800
centroid: 0 50 0 0
text: "+" 2159000 -6465784 -20474984 225 254000 0 4
text: "+" 1905000 -8531240 4759534 315 254000 0 4
text: "-" 1905000 -6645388 2873681 315 254000 0 4
text: "+" 1905000 -12123348 8351638 315 254000 0 4
text: "-" 1905000 -10237496 6465785 315 254000 0 4
text: "+" 1905000 -4939140 1167434 315 254000 0 4
text: "-" 1905000 -3053288 -718419 315 254000 0 4
text: "3" 1524000 10147692 -8710850 225 203200 0 4
text: "6" 1524000 4759538 -3322696 225 203200 0 4
text: "8" 1524000 718423 -3592104 225 203200 0 4
text: "11" 1524000 6286182 -9159862 225 203200 0 4
outline_polyline: 177800 1167433 -89802 1 0 4
next_corner: -1706248 -2963484 0
next_corner: -2963484 -1706248 0
next_corner: -89802 1167433 0
close_polyline: 0
outline_polyline: 177800 -3771705 -26581558 1 0 4
next_corner: -5837164 -24516100 0
next_corner: -5657559 -23079259 1
next_corner: -4220718 -22899654 1
next_corner: -2245063 -24875310 0
next_corner: -2424668 -26312150 1
close_polyline: 1
outline_polyline: 177800 -7794862 -22163272 1 0 4
next_corner: -13183016 -16775118 0
next_corner: -11422886 -15014988 0
next_corner: -6034732 -20403142 0
close_polyline: 0
outline_polyline: 177800 -42207203 -73997308 1 0 4
next_corner: -44272662 -71931850 0
next_corner: -44093057 -70495009 1
next_corner: -42656216 -70315404 1
next_corner: -40680561 -72291060 0
next_corner: -40860166 -73727900 1
close_polyline: 1
outline_polyline: 177800 -1436838 -24965111 1 0 4
next_corner: -4310520 -22091430 0
next_corner: -3053284 -20834194 0
next_corner: -179603 -23707876 0
close_polyline: 0
outline_polyline: 177800 -57114425 -57294040 1 0 4
next_corner: -54240744 -54420358 0
next_corner: -52983508 -55677594 0
next_corner: -55857190 -58551275 0
close_polyline: 0
outline_polyline: 177800 4310522 -17062487 1 0 4
next_corner: 7184204 -19936168 0
next_corner: 5926968 -21193404 0
next_corner: 3053287 -18319722 0
close_polyline: 0
outline_polyline: 177800 -5926970 -20474983 1 0 4
next_corner: -8800652 -17601302 0
next_corner: -7543416 -16344066 0
next_corner: -4669735 -19217748 0
close_polyline: 0
outline_polyline: 177800 -11853939 14727618 1 0 4
next_corner: -14727620 11853936 0
next_corner: -15984856 13111172 0
next_corner: -13111174 15984853 0
close_polyline: 0
outline_polyline: 177800 -41668385 -66813107 1 0 4
next_corner: -45260487 -63221005 0
next_corner: -44003251 -61963769 0
next_corner: -40411149 -65555871 0
close_polyline: 0
outline_polyline: 177800 -44901277 -63580215 1 0 4
next_corner: -43644041 -62322979 0
outline_polyline: 254000 -40051939 -67172317 1 0 4
next_corner: -41039767 -66184489 0
outline_polyline: 254000 -44631869 -62592387 1 0 4
next_corner: -45619697 -61604559 0
outline_polyline: 177800 -628621 -15895051 1 0 4
next_corner: -4220723 -12302949 0
next_corner: -2963487 -11045713 0
next_corner: 628615 -14637815 0
close_polyline: 0
outline_polyline: 177800 -3861513 -12662159 1 0 4
next_corner: -2604277 -11404923 0
outline_polyline: 254000 987825 -16254261 1 0 4
next_corner: -3 -15266433 0
outline_polyline: 254000 -3592105 -11674331 1 0 4
next_corner: -4579933 -10686503 0
outline_polyline: 177800 718423 -14548015 1 0 4
next_corner: -2873679 -10955913 0
next_corner: -1616443 -9698677 0
next_corner: 1975659 -13290779 0
close_polyline: 0
outline_polyline: 177800 -2514469 -11315123 1 0 4
next_corner: -1257233 -10057887 0
outline_polyline: 254000 2334869 -14907225 1 0 4
next_corner: 1347041 -13919397 0
outline_polyline: 254000 -2245061 -10327295 1 0 4
next_corner: -3232889 -9339467 0
outline_polyline: 177800 -64747647 -50199636 1 0 4
next_corner: -61155545 -53791738 0
next_corner: -62412781 -55048974 0
next_corner: -66004883 -51456872 0
close_polyline: 0
outline_polyline: 177800 -61514755 -53432528 1 0 4
next_corner: -62771991 -54689764 0
outline_polyline: 254000 -66364093 -49840426 1 0 4
next_corner: -65376265 -50828254 0
outline_polyline: 254000 -61784163 -54420356 1 0 4
next_corner: -60796335 -55408184 0
outline_polyline: 177800 -40321349 -65466064 1 0 4
next_corner: -43913451 -61873962 0
next_corner: -42656215 -60616726 0
next_corner: -39064113 -64208828 0
close_polyline: 0
outline_polyline: 177800 -43554241 -62233172 1 0 4
next_corner: -42297005 -60975936 0
outline_polyline: 254000 -38704903 -65825274 1 0 4
next_corner: -39692731 -64837446 0
outline_polyline: 254000 -43284833 -61245344 1 0 4
next_corner: -44272661 -60257516 0
outline_polyline: 254000 -11674330 4490127 1 0 4
next_corner: -6286177 9878280 0
next_corner: -2694075 6286178 0
next_corner: -8082228 898025 0
close_polyline: 0
outline_polyline: 254000 -15266438 8082231 1 0 4
next_corner: -9878285 13470384 0
next_corner: -6286183 9878282 0
next_corner: -11674336 4490129 0
close_polyline: 0
outline_polyline: 254000 -8082230 898027 1 0 4
next_corner: -2694077 6286180 0
next_corner: 898025 2694078 0
next_corner: -4490128 -2694075 0
close_polyline: 0
outline_polyline: 254000 449016 -23797677 1 0 4
next_corner: -10327291 -13021370 0
next_corner: -8531240 -11225319 0
next_corner: 2245067 -22001626 0
close_polyline: 0
outline_polyline: 254000 -73638095 -35921018 1 0 4
next_corner: -19846362 17870716 0
next_corner: -16254259 14278613 0
next_corner: -70045993 -39513120 0
close_polyline: 0
outline_polyline: 254000 -39513127 -70045994 1 0 4
next_corner: 14278606 -16254260 0
next_corner: 17870709 -19846363 0
next_corner: -35921025 -73638096 0
close_polyline: 0
outline_polyline: 254000 -45170688 -71213427 1 0 4
next_corner: -55946995 -60437120 0
next_corner: -54150944 -58641069 0
next_corner: -43374637 -69417376 0
close_polyline: 0
outline_polyline: 177800 -45619701 -57832845 1 0 4
next_corner: -48942395 -54510152 0
outline_polyline: 177800 -45619701 -57832845 1 0 4
next_corner: -46248319 -59359489 0
outline_polyline: 177800 -49660815 -58461463 1 0 4
next_corner: -46248319 -59359489 2
outline_polyline: 177800 -50558841 -55048967 1 0 4
next_corner: -49660815 -58461463 2
outline_polyline: 177800 -50558841 -55048967 1 0 4
next_corner: -48942395 -54510152 0
outline_polyline: 177800 -53612127 -59000279 1 0 4
next_corner: -50289433 -62322972 0
outline_polyline: 177800 -53612127 -59000279 1 0 4
next_corner: -52983509 -57473635 0
outline_polyline: 177800 -49571013 -58371661 1 0 4
next_corner: -52983509 -57473635 2
outline_polyline: 177800 -48672987 -61784157 1 0 4
next_corner: -49571013 -58371661 2
outline_polyline: 177800 -48672987 -61784157 1 0 4
next_corner: -50289433 -62322972 0
outline_polyline: 177800 -43985294 -55695546 1 0 4
next_corner: -38597140 -50307392 0
next_corner: -36837010 -52067522 0
next_corner: -42225164 -57455676 0
close_polyline: 0
outline_polyline: 177800 -45781344 -53899495 1 0 4
next_corner: -40393190 -48511341 0
next_corner: -38633060 -50271471 0
next_corner: -44021214 -55659625 0
close_polyline: 0
outline_polyline: 177800 -42638252 -69579026 1 0 4
next_corner: -48026406 -64190872 0
next_corner: -46266276 -62430742 0
next_corner: -40878122 -67818896 0
close_polyline: 0
outline_polyline: 177800 8567165 -17601300 1 0 4
next_corner: 2155263 -11189398 0
next_corner: 1131514 -12213147 0
next_corner: 7543416 -18625049 0
close_polyline: 0
outline_polyline: 177800 5064865 -22001626 1 0 4
next_corner: -6735191 -10201570 0
next_corner: -7758940 -11225319 0
next_corner: 4041116 -23025375 0
close_polyline: 0
outline_polyline: 177800 -17062484 7058483 1 0 4
next_corner: -10650582 13470385 0
next_corner: -11674331 14494134 0
next_corner: -18086233 8082232 0
close_polyline: 0
outline_polyline: 177800 -52085483 -47595357 1 0 4
next_corner: -23348664 -18858538 0
next_corner: -32328920 -9878282 0
next_corner: -61065739 -38615101 0
close_polyline: 0
outline_polyline: 177800 -55677585 -44003255 1 0 4
next_corner: -54779560 -43105229 0
next_corner: -56575611 -41309178 0
next_corner: -57473636 -42207204 0
close_polyline: 0
outline_polyline: 177800 -13021373 -18409524 1 0 4
next_corner: -48942397 -54330548 0
next_corner: -39962141 -63310804 0
next_corner: -4041117 -27389780 0
close_polyline: 0
outline_polyline: 177800 -9429271 -22001626 1 0 4
next_corner: -10327296 -22899652 0
next_corner: -8531245 -24695703 0
next_corner: -7633220 -23797677 0
close_polyline: 0
outline_polyline: 177800 -32239118 -3502301 1 0 4
next_corner: -17870709 -17870710 0
next_corner: -14278606 -14278608 0
next_corner: -28647016 89801 0
close_polyline: 0
outline_polyline: 177800 -31341093 -2604276 1 0 4
next_corner: -30443067 -3502301 0
next_corner: -28647016 -1706250 0
next_corner: -29545042 -808224 0
close_polyline: 0
outline_polyline: 177800 -52175288 -52175291 1 0 4
next_corner: -66543697 -37806882 0
next_corner: -70135800 -41398984 0
next_corner: -55767390 -55767393 0
close_polyline: 0
outline_polyline: 177800 -53073313 -53073316 1 0 4
next_corner: -53971339 -52175291 0
next_corner: -55767390 -53971342 0
next_corner: -54869364 -54869368 0
close_polyline: 0
outline_polyline: 177800 -25054916 3681907 1 0 4
next_corner: -10686507 -10686502 0
next_corner: -7094404 -7094400 0
next_corner: -21462814 7274009 0
close_polyline: 0
outline_polyline: 177800 -24156891 4579932 1 0 4
next_corner: -23258865 3681907 0
next_corner: -21462814 5477958 0
next_corner: -22360840 6375984 0
close_polyline: 0
outline_polyline: 177800 14368412 -12572359 1 0 4
next_corner: 1796054 -1 0
next_corner: -1796049 -3592104 0
next_corner: 10776310 -16164461 0
close_polyline: 0
outline_polyline: 177800 13470387 -13470384 1 0 4
next_corner: 12572361 -12572359 0
next_corner: 10776310 -14368410 0
next_corner: 11674336 -15266436 0
close_polyline: 0
outline_polyline: 177800 538817 -24067085 1 0 4
next_corner: -2783876 -27389779 0
outline_polyline: 177800 538817 -24067085 1 0 4
next_corner: 2065461 -24695703 0
outline_polyline: 177800 1167435 -28108199 1 0 4
next_corner: 2065461 -24695703 2
outline_polyline: 177800 -2245061 -29006225 1 0 4
next_corner: 1167435 -28108199 2
outline_polyline: 177800 -2245061 -29006225 1 0 4
next_corner: -2783876 -27389779 0
outline_polyline: 177800 -51025813 -49930224 1 0 4
next_corner: -49571012 -51385025 0
next_corner: -44524109 -46338122 0
next_corner: -45978910 -44883321 0
close_polyline: 0
n_pins: 337
pin: "A1" 254000 0 0 135 ""
top_pad: 1 1270000 939800 939800 0
inner_pad: 0 0 0 0 0 0
bottom_pad: 1 1270000 939800 939800 0
pin: "A2" 254000 -1796051 -1796051 135 ""
top_pad: 1 1270000 939800 939800 0
inner_pad: 0 0 0 0 0 0
bottom_pad: 1 1270000 939800 939800 0
pin: "B1" 254000 -3143088 -25593730 225 ""
top_pad: 1 1270000 939800 939800 0
inner_pad: 0 0 0 0 0 0
bottom_pad: 1 1270000 939800 939800 0
pin: "B2" 254000 -4939139 -23797679 225 ""
top_pad: 1 1270000 939800 939800 0
inner_pad: 0 0 0 0 0 0
bottom_pad: 1 1270000 939800 939800 0
pin: "C1" 254000 -6016772 -22181232 225 ""
top_pad: 1 1270000 939800 939800 0
inner_pad: 0 0 0 0 0 0
bottom_pad: 1 1270000 939800 939800 0
pin: "C2" 254000 -13200976 -14997028 225 ""
top_pad: 1 1270000 939800 939800 0
inner_pad: 0 0 0 0 0 0
bottom_pad: 1 1270000 939800 939800 0
pin: "D1" 254000 -41578586 -73009480 225 ""
top_pad: 1 1270000 939800 939800 0
inner_pad: 0 0 0 0 0 0
bottom_pad: 1 1270000 939800 939800 0
pin: "D2" 254000 -43374637 -71213429 225 ""
top_pad: 1 1270000 939800 939800 0
inner_pad: 0 0 0 0 0 0
bottom_pad: 1 1270000 939800 939800 0
pin: "E1" 254000 -1347036 -23797678 225 ""
top_pad: 1 1270000 939800 939800 0
inner_pad: 0 0 0 0 0 0
bottom_pad: 1 1270000 939800 939800 0
pin: "E2" 254000 -3143087 -22001627 225 ""
top_pad: 1 1270000 939800 939800 0
inner_pad: 0 0 0 0 0 0
bottom_pad: 1 1270000 939800 939800 0
pin: "F1" 254000 -55946992 -57383842 315 ""
top_pad: 1 1270000 939800 939800 0
inner_pad: 0 0 0 0 0 0
bottom_pad: 1 1270000 939800 939800 0
pin: "F2" 254000 -54150941 -55587791 315 ""
top_pad: 1 1270000 939800 939800 0
inner_pad: 0 0 0 0 0 0
bottom_pad: 1 1270000 939800 939800 0
pin: "G1" 254000 4220720 -18229920 45 ""
top_pad: 1 1270000 939800 939800 0
inner_pad: 0 0 0 0 0 0
bottom_pad: 1 1270000 939800 939800 0
pin: "G2" 254000 6016771 -20025971 45 ""
top_pad: 1 1270000 939800 939800 0
inner_pad: 0 0 0 0 0 0
bottom_pad: 1 1270000 939800 939800 0
pin: "H1" 254000 -5837168 -19307550 225 ""
top_pad: 1 1270000 939800 939800 0
inner_pad: 0 0 0 0 0 0
bottom_pad: 1 1270000 939800 939800 0
pin: "H2" 254000 -7633219 -17511499 225 ""
top_pad: 1 1270000 939800 939800 0
inner_pad: 0 0 0 0 0 0
bottom_pad: 1 1270000 939800 939800 0
pin: "I1" 254000 -13021372 14817420 135 ""
top_pad: 1 1270000 939800 939800 0
inner_pad: 0 0 0 0 0 0
bottom_pad: 1 1270000 939800 939800 0
pin: "I2" 254000 -14817423 13021369 135 ""
top_pad: 1 1270000 939800 939800 0
inner_pad: 0 0 0 0 0 0
bottom_pad: 1 1270000 939800 939800 0
pin: "J2" 254000 -39243716 -67980540 225 ""
top_pad: 1 1270000 1066800 1066800 0
inner_pad: 0 0 0 0 0 0
bottom_pad: 1 1270000 1066800 1066800 0
pin: "J1" 254000 -46427920 -60796336 225 ""
top_pad: 4 1270000 635000 635000 254000
inner_pad: 0 0 0 0 0 0
bottom_pad: 4 1270000 635000 635000 254000
pin: "K2" 254000 1796048 -17062484 225 ""
top_pad: 1 1270000 1066800 1066800 0
inner_pad: 0 0 0 0 0 0
bottom_pad: 1 1270000 1066800 1066800 0
pin: "K1" 254000 -5388156 -9878280 225 ""
top_pad: 4 1270000 635000 635000 254000
inner_pad: 0 0 0 0 0 0
bottom_pad: 4 1270000 635000 635000 254000
pin: "L2" 254000 3143092 -15715448 225 ""
top_pad: 1 1270000 1066800 1066800 0
inner_pad: 0 0 0 0 0 0
bottom_pad: 1 1270000 1066800 1066800 0
pin: "L1" 254000 -4041112 -8531244 225 ""
top_pad: 4 1270000 635000 635000 254000
inner_pad: 0 0 0 0 0 0
bottom_pad: 4 1270000 635000 635000 254000
pin: "M2" 254000 -67172316 -49032203 45 ""
top_pad: 1 1270000 1066800 1066800 0
inner_pad: 0 0 0 0 0 0
bottom_pad: 1 1270000 1066800 1066800 0
pin: "M1" 254000 -59988112 -56216407 45 ""
top_pad: 4 1270000 635000 635000 254000
inner_pad: 0 0 0 0 0 0
bottom_pad: 4 1270000 635000 635000 254000
pin: "N2" 254000 -37896680 -66633497 225 ""
top_pad: 1 1270000 1066800 1066800 0
inner_pad: 0 0 0 0 0 0
bottom_pad: 1 1270000 1066800 1066800 0
pin: "N1" 254000 -45080884 -59449293 225 ""
top_pad: 4 1270000 635000 635000 254000
inner_pad: 0 0 0 0 0 0
bottom_pad: 4 1270000 635000 635000 254000
pin: "O1" 254000 -8082228 2694076 315 ""
top_pad: 4 1397000 698500 698500 203200
inner_pad: 0 0 0 0 0 0
bottom_pad: 4 1397000 698500 698500 203200
pin: "O2" 254000 -9878279 4490127 315 ""
top_pad: 1 1397000 635000 635000 0
inner_pad: 0 0 0 0 0 0
bottom_pad: 1 1397000 635000 635000 0
pin: "P1" 254000 -11674336 6286180 315 ""
top_pad: 4 1397000 698500 698500 203200
inner_pad: 0 0 0 0 0 0
bottom_pad: 4 1397000 698500 698500 203200
pin: "P2" 254000 -13470387 8082231 315 ""
top_pad: 1 1397000 635000 635000 0
inner_pad: 0 0 0 0 0 0
bottom_pad: 1 1397000 635000 635000 0
pin: "Q1" 254000 -4490128 -898024 315 ""
top_pad: 4 1397000 698500 698500 203200
inner_pad: 0 0 0 0 0 0
bottom_pad: 4 1397000 698500 698500 203200
pin: "Q2" 254000 -6286179 898027 315 ""
top_pad: 1 1397000 635000 635000 0
inner_pad: 0 0 0 0 0 0
bottom_pad: 1 1397000 635000 635000 0
pin: "R1" 254000 449016 -22001626 225 ""
top_pad: 4 1524000 762000 762000 127000
inner_pad: 0 0 0 0 0 0
bottom_pad: 4 1524000 762000 762000 127000
pin: "R2" 254000 -1347035 -20205575 225 ""
top_pad: 4 1651000 698500 698500 660400
inner_pad: 0 0 0 0 0 0
bottom_pad: 4 1651000 698500 698500 660400
pin: "R3" 254000 -3143086 -18409524 225 ""
top_pad: 4 1651000 698500 698500 660400
inner_pad: 0 0 0 0 0 0
bottom_pad: 4 1651000 698500 698500 660400
pin: "R4" 254000 -4939137 -16613473 225 ""
top_pad: 4 1651000 698500 698500 660400
inner_pad: 0 0 0 0 0 0
bottom_pad: 4 1651000 698500 698500 660400
pin: "R5" 254000 -6735188 -14817422 225 ""
top_pad: 4 1651000 698500 698500 660400
inner_pad: 0 0 0 0 0 0
bottom_pad: 4 1651000 698500 698500 660400
pin: "R6" 254000 -8531240 -13021370 225 ""
top_pad: 4 1651000 698500 698500 660400
inner_pad: 0 0 0 0 0 0
bottom_pad: 4 1651000 698500 698500 660400
pin: "S1" 254000 -71842044 -35921018 315 ""
top_pad: 4 1651000 825500 825500 203200
inner_pad: 0 0 0 0 0 0
bottom_pad: 4 1651000 825500 825500 203200
pin: "S2" 254000 -70045993 -34124967 315 ""
top_pad: 4 1651000 762000 762000 660400
inner_pad: 0 0 0 0 0 0
bottom_pad: 4 1651000 762000 762000 660400
pin: "S3" 254000 -68249942 -32328916 315 ""
top_pad: 4 1651000 762000 762000 660400
inner_pad: 0 0 0 0 0 0
bottom_pad: 4 1651000 762000 762000 660400
pin: "S4" 254000 -66453891 -30532865 315 ""
top_pad: 4 1651000 762000 762000 660400
inner_pad: 0 0 0 0 0 0
bottom_pad: 4 1651000 762000 762000 660400
pin: "S5" 254000 -64657840 -28736814 315 ""
top_pad: 4 1651000 762000 762000 660400
inner_pad: 0 0 0 0 0 0
bottom_pad: 4 1651000 762000 762000 660400
pin: "S6" 254000 -62861788 -26940762 315 ""
top_pad: 4 1651000 762000 762000 660400
inner_pad: 0 0 0 0 0 0
bottom_pad: 4 1651000 762000 762000 660400
pin: "S7" 254000 -61065737 -25144711 315 ""
top_pad: 4 1651000 762000 762000 660400
inner_pad: 0 0 0 0 0 0
bottom_pad: 4 1651000 762000 762000 660400
pin: "S8" 254000 -59269686 -23348660 315 ""
top_pad: 4 1651000 762000 762000 660400
inner_pad: 0 0 0 0 0 0
bottom_pad: 4 1651000 762000 762000 660400
pin: "S9" 254000 -57473635 -21552609 315 ""
top_pad: 4 1651000 762000 762000 660400
inner_pad: 0 0 0 0 0 0
bottom_pad: 4 1651000 762000 762000 660400
pin: "S10" 254000 -55677583 -19756557 315 ""
top_pad: 4 1651000 762000 762000 660400
inner_pad: 0 0 0 0 0 0
bottom_pad: 4 1651000 762000 762000 660400
pin: "S11" 254000 -53881532 -17960506 315 ""
top_pad: 4 1651000 762000 762000 660400
inner_pad: 0 0 0 0 0 0
bottom_pad: 4 1651000 762000 762000 660400
pin: "S12" 254000 -52085481 -16164455 315 ""
top_pad: 4 1651000 762000 762000 660400
inner_pad: 0 0 0 0 0 0
bottom_pad: 4 1651000 762000 762000 660400
pin: "S13" 254000 -50289430 -14368404 315 ""
top_pad: 4 1651000 762000 762000 660400
inner_pad: 0 0 0 0 0 0
bottom_pad: 4 1651000 762000 762000 660400
pin: "S14" 254000 -48493379 -12572353 315 ""
top_pad: 4 1651000 762000 762000 660400
inner_pad: 0 0 0 0 0 0
bottom_pad: 4 1651000 762000 762000 660400
pin: "S15" 254000 -46697327 -10776301 315 ""
top_pad: 4 1651000 762000 762000 660400
inner_pad: 0 0 0 0 0 0
bottom_pad: 4 1651000 762000 762000 660400
pin: "S16" 254000 -44901276 -8980250 315 ""
top_pad: 4 1651000 762000 762000 660400
inner_pad: 0 0 0 0 0 0
bottom_pad: 4 1651000 762000 762000 660400
pin: "S17" 254000 -43105225 -7184199 315 ""
top_pad: 4 1651000 762000 762000 660400
inner_pad: 0 0 0 0 0 0
bottom_pad: 4 1651000 762000 762000 660400
pin: "S18" 254000 -41309174 -5388148 315 ""
top_pad: 4 1651000 762000 762000 660400
inner_pad: 0 0 0 0 0 0
bottom_pad: 4 1651000 762000 762000 660400
pin: "S19" 254000 -39513122 -3592096 315 ""
top_pad: 4 1651000 762000 762000 660400
inner_pad: 0 0 0 0 0 0
bottom_pad: 4 1651000 762000 762000 660400
pin: "S20" 254000 -37717071 -1796045 315 ""
top_pad: 4 1651000 762000 762000 660400
inner_pad: 0 0 0 0 0 0
bottom_pad: 4 1651000 762000 762000 660400
pin: "S21" 254000 -35921020 6 315 ""
top_pad: 4 1651000 762000 762000 660400
inner_pad: 0 0 0 0 0 0
bottom_pad: 4 1651000 762000 762000 660400
pin: "S22" 254000 -34124969 1796057 315 ""
top_pad: 4 1651000 762000 762000 660400
inner_pad: 0 0 0 0 0 0
bottom_pad: 4 1651000 762000 762000 660400
pin: "S23" 254000 -32328918 3592108 315 ""
top_pad: 4 1651000 762000 762000 660400
inner_pad: 0 0 0 0 0 0
bottom_pad: 4 1651000 762000 762000 660400
pin: "S24" 254000 -30532866 5388160 315 ""
top_pad: 4 1651000 762000 762000 660400
inner_pad: 0 0 0 0 0 0
bottom_pad: 4 1651000 762000 762000 660400
pin: "S25" 254000 -28736815 7184211 315 ""
top_pad: 4 1651000 762000 762000 660400
inner_pad: 0 0 0 0 0 0
bottom_pad: 4 1651000 762000 762000 660400
pin: "S26" 254000 -26940764 8980262 315 ""
top_pad: 4 1651000 762000 762000 660400
inner_pad: 0 0 0 0 0 0
bottom_pad: 4 1651000 762000 762000 660400
pin: "S27" 254000 -25144713 10776313 315 ""
top_pad: 4 1651000 762000 762000 660400
inner_pad: 0 0 0 0 0 0
bottom_pad: 4 1651000 762000 762000 660400
pin: "S28" 254000 -23348661 12572365 315 ""
top_pad: 4 1651000 762000 762000 660400
inner_pad: 0 0 0 0 0 0
bottom_pad: 4 1651000 762000 762000 660400
pin: "S29" 254000 -21552610 14368416 315 ""
top_pad: 4 1651000 762000 762000 660400
inner_pad: 0 0 0 0 0 0
bottom_pad: 4 1651000 762000 762000 660400
pin: "S30" 254000 -19756559 16164467 315 ""
top_pad: 4 1651000 762000 762000 660400
inner_pad: 0 0 0 0 0 0
bottom_pad: 4 1651000 762000 762000 660400
pin: "S31" 254000 -70045993 -37717069 315 ""
top_pad: 4 1651000 762000 762000 660400
inner_pad: 0 0 0 0 0 0
bottom_pad: 4 1651000 762000 762000 660400
pin: "S32" 254000 -68249942 -35921018 315 ""
top_pad: 4 1651000 762000 762000 660400
inner_pad: 0 0 0 0 0 0
bottom_pad: 4 1651000 762000 762000 660400
pin: "S33" 254000 -66453891 -34124967 315 ""
top_pad: 4 1651000 762000 762000 660400
inner_pad: 0 0 0 0 0 0
bottom_pad: 4 1651000 762000 762000 660400
pin: "S34" 254000 -64657840 -32328916 315 ""
top_pad: 4 1651000 762000 762000 660400
inner_pad: 0 0 0 0 0 0
bottom_pad: 4 1651000 762000 762000 660400
pin: "S35" 254000 -62861788 -30532865 315 ""
top_pad: 4 1651000 762000 762000 660400
inner_pad: 0 0 0 0 0 0
bottom_pad: 4 1651000 762000 762000 660400
pin: "S36" 254000 -61065737 -28736814 315 ""
top_pad: 4 1651000 762000 762000 660400
inner_pad: 0 0 0 0 0 0
bottom_pad: 4 1651000 762000 762000 660400
pin: "S37" 254000 -59269686 -26940762 315 ""
top_pad: 4 1651000 762000 762000 660400
inner_pad: 0 0 0 0 0 0
bottom_pad: 4 1651000 762000 762000 660400
pin: "S38" 254000 -57473635 -25144711 315 ""
top_pad: 4 1651000 762000 762000 660400
inner_pad: 0 0 0 0 0 0
bottom_pad: 4 1651000 762000 762000 660400
pin: "S39" 254000 -55677583 -23348660 315 ""
top_pad: 4 1651000 762000 762000 660400
inner_pad: 0 0 0 0 0 0
bottom_pad: 4 1651000 762000 762000 660400
pin: "S40" 254000 -53881532 -21552609 315 ""
top_pad: 4 1651000 762000 762000 660400
inner_pad: 0 0 0 0 0 0
bottom_pad: 4 1651000 762000 762000 660400
pin: "S41" 254000 -52085481 -19756557 315 ""
top_pad: 4 1651000 762000 762000 660400
inner_pad: 0 0 0 0 0 0
bottom_pad: 4 1651000 762000 762000 660400
pin: "S42" 254000 -50289430 -17960506 315 ""
top_pad: 4 1651000 762000 762000 660400
inner_pad: 0 0 0 0 0 0
bottom_pad: 4 1651000 762000 762000 660400
pin: "S43" 254000 -48493379 -16164455 315 ""
top_pad: 4 1651000 762000 762000 660400
inner_pad: 0 0 0 0 0 0
bottom_pad: 4 1651000 762000 762000 660400
pin: "S44" 254000 -46697327 -14368404 315 ""
top_pad: 4 1651000 762000 762000 660400
inner_pad: 0 0 0 0 0 0
bottom_pad: 4 1651000 762000 762000 660400
pin: "S45" 254000 -44901276 -12572353 315 ""
top_pad: 4 1651000 762000 762000 660400
inner_pad: 0 0 0 0 0 0
bottom_pad: 4 1651000 762000 762000 660400
pin: "S46" 254000 -43105225 -10776301 315 ""
top_pad: 4 1651000 762000 762000 660400
inner_pad: 0 0 0 0 0 0
bottom_pad: 4 1651000 762000 762000 660400
pin: "S47" 254000 -41309174 -8980250 315 ""
top_pad: 4 1651000 762000 762000 660400
inner_pad: 0 0 0 0 0 0
bottom_pad: 4 1651000 762000 762000 660400
pin: "S48" 254000 -39513122 -7184199 315 ""
top_pad: 4 1651000 762000 762000 660400
inner_pad: 0 0 0 0 0 0
bottom_pad: 4 1651000 762000 762000 660400
pin: "S49" 254000 -37717071 -5388148 315 ""
top_pad: 4 1651000 762000 762000 660400
inner_pad: 0 0 0 0 0 0
bottom_pad: 4 1651000 762000 762000 660400
pin: "S50" 254000 -35921020 -3592096 315 ""
top_pad: 4 1651000 762000 762000 660400
inner_pad: 0 0 0 0 0 0
bottom_pad: 4 1651000 762000 762000 660400
pin: "S51" 254000 -34124969 -1796045 315 ""
top_pad: 4 1651000 762000 762000 660400
inner_pad: 0 0 0 0 0 0
bottom_pad: 4 1651000 762000 762000 660400
pin: "S52" 254000 -32328918 6 315 ""
top_pad: 4 1651000 762000 762000 660400
inner_pad: 0 0 0 0 0 0
bottom_pad: 4 1651000 762000 762000 660400
pin: "S53" 254000 -30532866 1796057 315 ""
top_pad: 4 1651000 762000 762000 660400
inner_pad: 0 0 0 0 0 0
bottom_pad: 4 1651000 762000 762000 660400
pin: "S54" 254000 -28736815 3592108 315 ""
top_pad: 4 1651000 762000 762000 660400
inner_pad: 0 0 0 0 0 0
bottom_pad: 4 1651000 762000 762000 660400
pin: "S55" 254000 -26940764 5388160 315 ""
top_pad: 4 1651000 762000 762000 660400
inner_pad: 0 0 0 0 0 0
bottom_pad: 4 1651000 762000 762000 660400
pin: "S56" 254000 -25144713 7184211 315 ""
top_pad: 4 1651000 762000 762000 660400
inner_pad: 0 0 0 0 0 0
bottom_pad: 4 1651000 762000 762000 660400
pin: "S57" 254000 -23348661 8980262 315 ""
top_pad: 4 1651000 762000 762000 660400
inner_pad: 0 0 0 0 0 0
bottom_pad: 4 1651000 762000 762000 660400
pin: "S58" 254000 -21552610 10776313 315 ""
top_pad: 4 1651000 762000 762000 660400
inner_pad: 0 0 0 0 0 0
bottom_pad: 4 1651000 762000 762000 660400
pin: "S59" 254000 -19756559 12572365 315 ""
top_pad: 4 1651000 762000 762000 660400
inner_pad: 0 0 0 0 0 0
bottom_pad: 4 1651000 762000 762000 660400
pin: "S60" 254000 -17960508 14368416 315 ""
top_pad: 4 1651000 762000 762000 660400
inner_pad: 0 0 0 0 0 0
bottom_pad: 4 1651000 762000 762000 660400
pin: "T1" 254000 -37717076 -70045994 315 ""
top_pad: 4 1651000 825500 825500 203200
inner_pad: 0 0 0 0 0 0
bottom_pad: 4 1651000 825500 825500 203200
pin: "T2" 254000 -35921025 -68249943 315 ""
top_pad: 4 1651000 762000 762000 660400
inner_pad: 0 0 0 0 0 0
bottom_pad: 4 1651000 762000 762000 660400
pin: "T3" 254000 -34124974 -66453892 315 ""
top_pad: 4 1651000 762000 762000 660400
inner_pad: 0 0 0 0 0 0
bottom_pad: 4 1651000 762000 762000 660400
pin: "T4" 254000 -32328923 -64657841 315 ""
top_pad: 4 1651000 762000 762000 660400
inner_pad: 0 0 0 0 0 0
bottom_pad: 4 1651000 762000 762000 660400
pin: "T5" 254000 -30532872 -62861790 315 ""
top_pad: 4 1651000 762000 762000 660400
inner_pad: 0 0 0 0 0 0
bottom_pad: 4 1651000 762000 762000 660400
pin: "T6" 254000 -28736820 -61065738 315 ""
top_pad: 4 1651000 762000 762000 660400
inner_pad: 0 0 0 0 0 0
bottom_pad: 4 1651000 762000 762000 660400
pin: "T7" 254000 -26940769 -59269687 315 ""
top_pad: 4 1651000 762000 762000 660400
inner_pad: 0 0 0 0 0 0
bottom_pad: 4 1651000 762000 762000 660400
pin: "T8" 254000 -25144718 -57473636 315 ""
top_pad: 4 1651000 762000 762000 660400
inner_pad: 0 0 0 0 0 0
bottom_pad: 4 1651000 762000 762000 660400
pin: "T9" 254000 -23348667 -55677585 315 ""
top_pad: 4 1651000 762000 762000 660400
inner_pad: 0 0 0 0 0 0
bottom_pad: 4 1651000 762000 762000 660400
pin: "T10" 254000 -21552615 -53881533 315 ""
top_pad: 4 1651000 762000 762000 660400
inner_pad: 0 0 0 0 0 0
bottom_pad: 4 1651000 762000 762000 660400
pin: "T11" 254000 -19756564 -52085482 315 ""
top_pad: 4 1651000 762000 762000 660400
inner_pad: 0 0 0 0 0 0
bottom_pad: 4 1651000 762000 762000 660400
pin: "T12" 254000 -17960513 -50289431 315 ""
top_pad: 4 1651000 762000 762000 660400
inner_pad: 0 0 0 0 0 0
bottom_pad: 4 1651000 762000 762000 660400
pin: "T13" 254000 -16164462 -48493380 315 ""
top_pad: 4 1651000 762000 762000 660400
inner_pad: 0 0 0 0 0 0
bottom_pad: 4 1651000 762000 762000 660400
pin: "T14" 254000 -14368411 -46697329 315 ""
top_pad: 4 1651000 762000 762000 660400
inner_pad: 0 0 0 0 0 0
bottom_pad: 4 1651000 762000 762000 660400
pin: "T15" 254000 -12572359 -44901277 315 ""
top_pad: 4 1651000 762000 762000 660400
inner_pad: 0 0 0 0 0 0
bottom_pad: 4 1651000 762000 762000 660400
pin: "T16" 254000 -10776308 -43105226 315 ""
top_pad: 4 1651000 762000 762000 660400
inner_pad: 0 0 0 0 0 0
bottom_pad: 4 1651000 762000 762000 660400
pin: "T17" 254000 -8980257 -41309175 315 ""
top_pad: 4 1651000 762000 762000 660400
inner_pad: 0 0 0 0 0 0
bottom_pad: 4 1651000 762000 762000 660400
pin: "T18" 254000 -7184206 -39513124 315 ""
top_pad: 4 1651000 762000 762000 660400
inner_pad: 0 0 0 0 0 0
bottom_pad: 4 1651000 762000 762000 660400
pin: "T19" 254000 -5388154 -37717072 315 ""
top_pad: 4 1651000 762000 762000 660400
inner_pad: 0 0 0 0 0 0
bottom_pad: 4 1651000 762000 762000 660400
pin: "T20" 254000 -3592103 -35921021 315 ""
top_pad: 4 1651000 762000 762000 660400
inner_pad: 0 0 0 0 0 0
bottom_pad: 4 1651000 762000 762000 660400
pin: "T21" 254000 -1796052 -34124970 315 ""
top_pad: 4 1651000 762000 762000 660400
inner_pad: 0 0 0 0 0 0
bottom_pad: 4 1651000 762000 762000 660400
pin: "T22" 254000 -1 -32328919 315 ""
top_pad: 4 1651000 762000 762000 660400
inner_pad: 0 0 0 0 0 0
bottom_pad: 4 1651000 762000 762000 660400
pin: "T23" 254000 1796050 -30532868 315 ""
top_pad: 4 1651000 762000 762000 660400
inner_pad: 0 0 0 0 0 0
bottom_pad: 4 1651000 762000 762000 660400
pin: "T24" 254000 3592102 -28736816 315 ""
top_pad: 4 1651000 762000 762000 660400
inner_pad: 0 0 0 0 0 0
bottom_pad: 4 1651000 762000 762000 660400
pin: "T25" 254000 5388153 -26940765 315 ""
top_pad: 4 1651000 762000 762000 660400
inner_pad: 0 0 0 0 0 0
bottom_pad: 4 1651000 762000 762000 660400
pin: "T26" 254000 7184204 -25144714 315 ""
top_pad: 4 1651000 762000 762000 660400
inner_pad: 0 0 0 0 0 0
bottom_pad: 4 1651000 762000 762000 660400
pin: "T27" 254000 8980255 -23348663 315 ""
top_pad: 4 1651000 762000 762000 660400
inner_pad: 0 0 0 0 0 0
bottom_pad: 4 1651000 762000 762000 660400
pin: "T28" 254000 10776307 -21552611 315 ""
top_pad: 4 1651000 762000 762000 660400
inner_pad: 0 0 0 0 0 0
bottom_pad: 4 1651000 762000 762000 660400
pin: "T29" 254000 12572358 -19756560 315 ""
top_pad: 4 1651000 762000 762000 660400
inner_pad: 0 0 0 0 0 0
bottom_pad: 4 1651000 762000 762000 660400
pin: "T30" 254000 14368409 -17960509 315 ""
top_pad: 4 1651000 762000 762000 660400
inner_pad: 0 0 0 0 0 0
bottom_pad: 4 1651000 762000 762000 660400
pin: "T31" 254000 -35921025 -71842045 315 ""
top_pad: 4 1651000 762000 762000 660400
inner_pad: 0 0 0 0 0 0
bottom_pad: 4 1651000 762000 762000 660400
pin: "T32" 254000 -34124974 -70045994 315 ""
top_pad: 4 1651000 762000 762000 660400
inner_pad: 0 0 0 0 0 0
bottom_pad: 4 1651000 762000 762000 660400
pin: "T33" 254000 -32328923 -68249943 315 ""
top_pad: 4 1651000 762000 762000 660400
inner_pad: 0 0 0 0 0 0
bottom_pad: 4 1651000 762000 762000 660400
pin: "T34" 254000 -30532872 -66453892 315 ""
top_pad: 4 1651000 762000 762000 660400
inner_pad: 0 0 0 0 0 0
bottom_pad: 4 1651000 762000 762000 660400
pin: "T35" 254000 -28736820 -64657841 315 ""
top_pad: 4 1651000 762000 762000 660400
inner_pad: 0 0 0 0 0 0
bottom_pad: 4 1651000 762000 762000 660400
pin: "T36" 254000 -26940769 -62861790 315 ""
top_pad: 4 1651000 762000 762000 660400
inner_pad: 0 0 0 0 0 0
bottom_pad: 4 1651000 762000 762000 660400
pin: "T37" 254000 -25144718 -61065738 315 ""
top_pad: 4 1651000 762000 762000 660400
inner_pad: 0 0 0 0 0 0
bottom_pad: 4 1651000 762000 762000 660400
pin: "T38" 254000 -23348667 -59269687 315 ""
top_pad: 4 1651000 762000 762000 660400
inner_pad: 0 0 0 0 0 0
bottom_pad: 4 1651000 762000 762000 660400
pin: "T39" 254000 -21552615 -57473636 315 ""
top_pad: 4 1651000 762000 762000 660400
inner_pad: 0 0 0 0 0 0
bottom_pad: 4 1651000 762000 762000 660400
pin: "T40" 254000 -19756564 -55677585 315 ""
top_pad: 4 1651000 762000 762000 660400
inner_pad: 0 0 0 0 0 0
bottom_pad: 4 1651000 762000 762000 660400
pin: "T41" 254000 -17960513 -53881533 315 ""
top_pad: 4 1651000 762000 762000 660400
inner_pad: 0 0 0 0 0 0
bottom_pad: 4 1651000 762000 762000 660400
pin: "T42" 254000 -16164462 -52085482 315 ""
top_pad: 4 1651000 762000 762000 660400
inner_pad: 0 0 0 0 0 0
bottom_pad: 4 1651000 762000 762000 660400
pin: "T43" 254000 -14368411 -50289431 315 ""
top_pad: 4 1651000 762000 762000 660400
inner_pad: 0 0 0 0 0 0
bottom_pad: 4 1651000 762000 762000 660400
pin: "T44" 254000 -12572359 -48493380 315 ""
top_pad: 4 1651000 762000 762000 660400
inner_pad: 0 0 0 0 0 0
bottom_pad: 4 1651000 762000 762000 660400
pin: "T45" 254000 -10776308 -46697329 315 ""
top_pad: 4 1651000 762000 762000 660400
inner_pad: 0 0 0 0 0 0
bottom_pad: 4 1651000 762000 762000 660400
pin: "T46" 254000 -8980257 -44901277 315 ""
top_pad: 4 1651000 762000 762000 660400
inner_pad: 0 0 0 0 0 0
bottom_pad: 4 1651000 762000 762000 660400
pin: "T47" 254000 -7184206 -43105226 315 ""
top_pad: 4 1651000 762000 762000 660400
inner_pad: 0 0 0 0 0 0
bottom_pad: 4 1651000 762000 762000 660400
pin: "T48" 254000 -5388154 -41309175 315 ""
top_pad: 4 1651000 762000 762000 660400
inner_pad: 0 0 0 0 0 0
bottom_pad: 4 1651000 762000 762000 660400
pin: "T49" 254000 -3592103 -39513124 315 ""
top_pad: 4 1651000 762000 762000 660400
inner_pad: 0 0 0 0 0 0
bottom_pad: 4 1651000 762000 762000 660400
pin: "T50" 254000 -1796052 -37717072 315 ""
top_pad: 4 1651000 762000 762000 660400
inner_pad: 0 0 0 0 0 0
bottom_pad: 4 1651000 762000 762000 660400
pin: "T51" 254000 -1 -35921021 315 ""
top_pad: 4 1651000 762000 762000 660400
inner_pad: 0 0 0 0 0 0
bottom_pad: 4 1651000 762000 762000 660400
pin: "T52" 254000 1796050 -34124970 315 ""
top_pad: 4 1651000 762000 762000 660400
inner_pad: 0 0 0 0 0 0
bottom_pad: 4 1651000 762000 762000 660400
pin: "T53" 254000 3592102 -32328919 315 ""
top_pad: 4 1651000 762000 762000 660400
inner_pad: 0 0 0 0 0 0
bottom_pad: 4 1651000 762000 762000 660400
pin: "T54" 254000 5388153 -30532868 315 ""
top_pad: 4 1651000 762000 762000 660400
inner_pad: 0 0 0 0 0 0
bottom_pad: 4 1651000 762000 762000 660400
pin: "T55" 254000 7184204 -28736816 315 ""
top_pad: 4 1651000 762000 762000 660400
inner_pad: 0 0 0 0 0 0
bottom_pad: 4 1651000 762000 762000 660400
pin: "T56" 254000 8980255 -26940765 315 ""
top_pad: 4 1651000 762000 762000 660400
inner_pad: 0 0 0 0 0 0
bottom_pad: 4 1651000 762000 762000 660400
pin: "T57" 254000 10776307 -25144714 315 ""
top_pad: 4 1651000 762000 762000 660400
inner_pad: 0 0 0 0 0 0
bottom_pad: 4 1651000 762000 762000 660400
pin: "T58" 254000 12572358 -23348663 315 ""
top_pad: 4 1651000 762000 762000 660400
inner_pad: 0 0 0 0 0 0
bottom_pad: 4 1651000 762000 762000 660400
pin: "T59" 254000 14368409 -21552611 315 ""
top_pad: 4 1651000 762000 762000 660400
inner_pad: 0 0 0 0 0 0
bottom_pad: 4 1651000 762000 762000 660400
pin: "T60" 254000 16164460 -19756560 315 ""
top_pad: 4 1651000 762000 762000 660400
inner_pad: 0 0 0 0 0 0
bottom_pad: 4 1651000 762000 762000 660400
pin: "U1" 254000 -46392000 -64065147 135 ""
top_pad: 1 1270000 635000 635000 203200
inner_pad: 0 0 0 0 0 0
bottom_pad: 4 1270000 762000 762000 203200
pin: "U2" 254000 -45215588 -65241559 135 ""
top_pad: 1 1270000 635000 635000 203200
inner_pad: 0 0 0 0 0 0
bottom_pad: 4 1270000 762000 762000 203200
pin: "V1" 254000 -60347317 -33226939 45 ""
top_pad: 1 1270000 635000 635000 203200
inner_pad: 0 0 0 0 0 0
bottom_pad: 4 1270000 635000 635000 203200
pin: "V2" 254000 -59179884 -32059506 45 ""
top_pad: 1 1270000 635000 635000 203200
inner_pad: 0 0 0 0 0 0
bottom_pad: 4 1270000 635000 635000 203200
pin: "V3" 254000 -58012451 -30892073 45 ""
top_pad: 1 1270000 635000 635000 203200
inner_pad: 0 0 0 0 0 0
bottom_pad: 4 1270000 635000 635000 203200
pin: "W1" 254000 -45170688 -69417376 225 ""
top_pad: 4 1651000 825500 825500 127000
inner_pad: 0 0 0 0 0 0
bottom_pad: 4 1651000 825500 825500 127000
pin: "W5" 254000 -52354892 -62233172 225 ""
top_pad: 4 1651000 698500 698500 660400
inner_pad: 0 0 0 0 0 0
bottom_pad: 4 1651000 698500 698500 660400
pin: "W3" 254000 -48762790 -65825274 225 ""
top_pad: 4 1651000 698500 698500 660400
inner_pad: 0 0 0 0 0 0
bottom_pad: 4 1651000 698500 698500 660400
pin: "W4" 254000 -50558841 -64029223 225 ""
top_pad: 4 1651000 698500 698500 660400
inner_pad: 0 0 0 0 0 0
bottom_pad: 4 1651000 698500 698500 660400
pin: "W6" 254000 -54150944 -60437120 225 ""
top_pad: 4 1651000 698500 698500 660400
inner_pad: 0 0 0 0 0 0
bottom_pad: 4 1651000 698500 698500 660400
pin: "X1" 254000 -46966740 -58641068 135 ""
top_pad: 4 1219200 609600 609600 254000
inner_pad: 0 0 0 0 0 0
bottom_pad: 4 1219200 609600 609600 254000
pin: "X2" 254000 -48403580 -57204228 135 ""
top_pad: 1 1219200 635000 635000 0
inner_pad: 0 0 0 0 0 0
bottom_pad: 1 1219200 635000 635000 0
pin: "X3" 254000 -49840420 -55767388 135 ""
top_pad: 1 1219200 635000 635000 0
inner_pad: 0 0 0 0 0 0
bottom_pad: 1 1219200 635000 635000 0
pin: "Y1" 254000 -52265088 -58192056 315 ""
top_pad: 4 1219200 609600 609600 254000
inner_pad: 0 0 0 0 0 0
bottom_pad: 4 1219200 609600 609600 254000
pin: "Y2" 254000 -50828248 -59628896 315 ""
top_pad: 1 1219200 635000 635000 0
inner_pad: 0 0 0 0 0 0
bottom_pad: 1 1219200 635000 635000 0
pin: "Y3" 254000 -49391408 -61065736 315 ""
top_pad: 1 1219200 635000 635000 0
inner_pad: 0 0 0 0 0 0
bottom_pad: 1 1219200 635000 635000 0
pin: "AA1" 254000 -44003254 -57473636 315 ""
top_pad: 1 1270000 939800 939800 0
inner_pad: 0 0 0 0 0 0
bottom_pad: 1 1270000 939800 939800 0
pin: "AA2" 254000 -36819050 -50289432 315 ""
top_pad: 1 1270000 939800 939800 0
inner_pad: 0 0 0 0 0 0
bottom_pad: 1 1270000 939800 939800 0
pin: "AB1" 254000 -45799304 -55677585 315 ""
top_pad: 1 1270000 939800 939800 0
inner_pad: 0 0 0 0 0 0
bottom_pad: 1 1270000 939800 939800 0
pin: "AB2" 254000 -38615100 -48493381 315 ""
top_pad: 1 1270000 939800 939800 0
inner_pad: 0 0 0 0 0 0
bottom_pad: 1 1270000 939800 939800 0
pin: "AC1" 254000 -40860162 -69596986 225 ""
top_pad: 1 1270000 939800 939800 0
inner_pad: 0 0 0 0 0 0
bottom_pad: 1 1270000 939800 939800 0
pin: "AC2" 254000 -48044366 -62412782 225 ""
top_pad: 1 1270000 939800 939800 0
inner_pad: 0 0 0 0 0 0
bottom_pad: 1 1270000 939800 939800 0
pin: "AD1" 254000 7543416 -17601300 315 ""
top_pad: 4 1270000 635000 635000 101600
inner_pad: 1 31 0 0 0 0
bottom_pad: 4 1270000 635000 635000 101600
pin: "AD2" 254000 5747365 -15805249 315 ""
top_pad: 1 1270000 0 0 0
inner_pad: 1 31 0 0 0 0
bottom_pad: 1 1270000 0 0 0
pin: "AD3" 254000 3951314 -14009198 315 ""
top_pad: 1 1270000 0 0 0
inner_pad: 1 31 0 0 0 0
bottom_pad: 1 1270000 0 0 0
pin: "AD4" 254000 2155263 -12213147 315 ""
top_pad: 1 1270000 0 0 0
inner_pad: 1 31 0 0 0 0
bottom_pad: 1 1270000 0 0 0
pin: "AE1" 254000 4041116 -22001626 315 ""
top_pad: 4 1270000 635000 635000 101600
inner_pad: 1 31 0 0 0 0
bottom_pad: 4 1270000 635000 635000 101600
pin: "AE2" 254000 2245065 -20205575 315 ""
top_pad: 1 1270000 0 0 0
inner_pad: 1 31 0 0 0 0
bottom_pad: 1 1270000 0 0 0
pin: "AE3" 254000 449014 -18409524 315 ""
top_pad: 1 1270000 0 0 0
inner_pad: 1 31 0 0 0 0
bottom_pad: 1 1270000 0 0 0
pin: "AE4" 254000 -1347037 -16613473 315 ""
top_pad: 1 1270000 0 0 0
inner_pad: 1 31 0 0 0 0
bottom_pad: 1 1270000 0 0 0
pin: "AE5" 254000 -3143088 -14817422 315 ""
top_pad: 1 1270000 0 0 0
inner_pad: 1 31 0 0 0 0
bottom_pad: 1 1270000 0 0 0
pin: "AE6" 254000 -4939140 -13021370 315 ""
top_pad: 1 1270000 0 0 0
inner_pad: 1 31 0 0 0 0
bottom_pad: 1 1270000 0 0 0
pin: "AE7" 254000 -6735191 -11225319 315 ""
top_pad: 1 1270000 0 0 0
inner_pad: 1 31 0 0 0 0
bottom_pad: 1 1270000 0 0 0
pin: "AF1" 254000 -17062484 8082232 45 ""
top_pad: 4 1270000 635000 635000 101600
inner_pad: 1 31 0 0 0 0
bottom_pad: 4 1270000 635000 635000 101600
pin: "AF2" 254000 -15266433 9878283 45 ""
top_pad: 1 1270000 0 0 0
inner_pad: 1 31 0 0 0 0
bottom_pad: 1 1270000 0 0 0
pin: "AF3" 254000 -13470382 11674334 45 ""
top_pad: 1 1270000 0 0 0
inner_pad: 1 31 0 0 0 0
bottom_pad: 1 1270000 0 0 0
pin: "AF4" 254000 -11674331 13470385 45 ""
top_pad: 1 1270000 0 0 0
inner_pad: 1 31 0 0 0 0
bottom_pad: 1 1270000 0 0 0
pin: "AG1" 254000 -50289432 -47595357 315 ""
top_pad: 4 1651000 635000 635000 254000
inner_pad: 0 0 0 0 0 0
bottom_pad: 4 1651000 635000 635000 254000
pin: "AG2" 254000 -48493381 -45799306 315 ""
top_pad: 4 1651000 635000 635000 609600
inner_pad: 0 0 0 0 0 0
bottom_pad: 4 1651000 635000 635000 609600
pin: "AG3" 254000 -46697330 -44003255 315 ""
top_pad: 4 1651000 635000 635000 609600
inner_pad: 0 0 0 0 0 0
bottom_pad: 4 1651000 635000 635000 609600
pin: "AG4" 254000 -44901279 -42207204 315 ""
top_pad: 4 1651000 635000 635000 609600
inner_pad: 0 0 0 0 0 0
bottom_pad: 4 1651000 635000 635000 609600
pin: "AG5" 254000 -43105228 -40411153 315 ""
top_pad: 4 1651000 635000 635000 609600
inner_pad: 0 0 0 0 0 0
bottom_pad: 4 1651000 635000 635000 609600
pin: "AG6" 254000 -41309176 -38615101 315 ""
top_pad: 4 1651000 635000 635000 609600
inner_pad: 0 0 0 0 0 0
bottom_pad: 4 1651000 635000 635000 609600
pin: "AG7" 254000 -39513125 -36819050 315 ""
top_pad: 4 1651000 635000 635000 609600
inner_pad: 0 0 0 0 0 0
bottom_pad: 4 1651000 635000 635000 609600
pin: "AG8" 254000 -37717074 -35022999 315 ""
top_pad: 4 1651000 635000 635000 609600
inner_pad: 0 0 0 0 0 0
bottom_pad: 4 1651000 635000 635000 609600
pin: "AG9" 254000 -35921023 -33226948 315 ""
top_pad: 4 1651000 635000 635000 609600
inner_pad: 0 0 0 0 0 0
bottom_pad: 4 1651000 635000 635000 609600
pin: "AG10" 254000 -34124971 -31430896 315 ""
top_pad: 4 1651000 635000 635000 609600
inner_pad: 0 0 0 0 0 0
bottom_pad: 4 1651000 635000 635000 609600
pin: "AG11" 254000 -32328920 -29634845 315 ""
top_pad: 4 1651000 635000 635000 609600
inner_pad: 0 0 0 0 0 0
bottom_pad: 4 1651000 635000 635000 609600
pin: "AG12" 254000 -30532869 -27838794 315 ""
top_pad: 4 1651000 635000 635000 609600
inner_pad: 0 0 0 0 0 0
bottom_pad: 4 1651000 635000 635000 609600
pin: "AG13" 254000 -28736818 -26042743 315 ""
top_pad: 4 1651000 635000 635000 609600
inner_pad: 0 0 0 0 0 0
bottom_pad: 4 1651000 635000 635000 609600
pin: "AG14" 254000 -26940767 -24246692 315 ""
top_pad: 4 1651000 635000 635000 609600
inner_pad: 0 0 0 0 0 0
bottom_pad: 4 1651000 635000 635000 609600
pin: "AG15" 254000 -25144715 -22450640 315 ""
top_pad: 4 1651000 635000 635000 609600
inner_pad: 0 0 0 0 0 0
bottom_pad: 4 1651000 635000 635000 609600
pin: "AG16" 254000 -23348664 -20654589 315 ""
top_pad: 4 1651000 635000 635000 609600
inner_pad: 0 0 0 0 0 0
bottom_pad: 4 1651000 635000 635000 609600
pin: "AG17" 254000 -34124971 -9878282 315 ""
top_pad: 4 1651000 635000 635000 609600
inner_pad: 0 0 0 0 0 0
bottom_pad: 4 1651000 635000 635000 609600
pin: "AG18" 254000 -35921023 -11674333 315 ""
top_pad: 4 1651000 635000 635000 609600
inner_pad: 0 0 0 0 0 0
bottom_pad: 4 1651000 635000 635000 609600
pin: "AG19" 254000 -37717074 -13470384 315 ""
top_pad: 4 1651000 635000 635000 609600
inner_pad: 0 0 0 0 0 0
bottom_pad: 4 1651000 635000 635000 609600
pin: "AG20" 254000 -39513125 -15266435 315 ""
top_pad: 4 1651000 635000 635000 609600
inner_pad: 0 0 0 0 0 0
bottom_pad: 4 1651000 635000 635000 609600
pin: "AG21" 254000 -41309176 -17062487 315 ""
top_pad: 4 1651000 635000 635000 609600
inner_pad: 0 0 0 0 0 0
bottom_pad: 4 1651000 635000 635000 609600
pin: "AG22" 254000 -43105228 -18858538 315 ""
top_pad: 4 1651000 635000 635000 609600
inner_pad: 0 0 0 0 0 0
bottom_pad: 4 1651000 635000 635000 609600
pin: "AG23" 254000 -44901279 -20654589 315 ""
top_pad: 4 1651000 635000 635000 609600
inner_pad: 0 0 0 0 0 0
bottom_pad: 4 1651000 635000 635000 609600
pin: "AG24" 254000 -46697330 -22450640 315 ""
top_pad: 4 1651000 635000 635000 609600
inner_pad: 0 0 0 0 0 0
bottom_pad: 4 1651000 635000 635000 609600
pin: "AG25" 254000 -48493381 -24246692 315 ""
top_pad: 4 1651000 635000 635000 609600
inner_pad: 0 0 0 0 0 0
bottom_pad: 4 1651000 635000 635000 609600
pin: "AG26" 254000 -50289432 -26042743 315 ""
top_pad: 4 1651000 635000 635000 609600
inner_pad: 0 0 0 0 0 0
bottom_pad: 4 1651000 635000 635000 609600
pin: "AG27" 254000 -52085483 -27838794 315 ""
top_pad: 4 1651000 635000 635000 609600
inner_pad: 0 0 0 0 0 0
bottom_pad: 4 1651000 635000 635000 609600
pin: "AG28" 254000 -53881534 -29634845 315 ""
top_pad: 4 1651000 635000 635000 609600
inner_pad: 0 0 0 0 0 0
bottom_pad: 4 1651000 635000 635000 609600
pin: "AG29" 254000 -55677585 -31430896 315 ""
top_pad: 4 1651000 635000 635000 609600
inner_pad: 0 0 0 0 0 0
bottom_pad: 4 1651000 635000 635000 609600
pin: "AG30" 254000 -57473636 -33226948 315 ""
top_pad: 4 1651000 635000 635000 609600
inner_pad: 0 0 0 0 0 0
bottom_pad: 4 1651000 635000 635000 609600
pin: "AG31" 254000 -59269688 -35022999 315 ""
top_pad: 4 1651000 635000 635000 609600
inner_pad: 0 0 0 0 0 0
bottom_pad: 4 1651000 635000 635000 609600
pin: "AG32" 254000 -61065739 -36819050 315 ""
top_pad: 4 1651000 635000 635000 609600
inner_pad: 0 0 0 0 0 0
bottom_pad: 4 1651000 635000 635000 609600
pin: "AH1" 254000 -14817424 -18409524 135 ""
top_pad: 4 1651000 635000 635000 101600
inner_pad: 0 0 0 0 0 0
bottom_pad: 4 1651000 635000 635000 101600
pin: "AH2" 254000 -16613475 -20205575 135 ""
top_pad: 4 1651000 635000 635000 609600
inner_pad: 0 0 0 0 0 0
bottom_pad: 4 1651000 635000 635000 609600
pin: "AH3" 254000 -18409526 -22001626 135 ""
top_pad: 4 1651000 635000 635000 609600
inner_pad: 0 0 0 0 0 0
bottom_pad: 4 1651000 635000 635000 609600
pin: "AH4" 254000 -20205577 -23797677 135 ""
top_pad: 4 1651000 635000 635000 609600
inner_pad: 0 0 0 0 0 0
bottom_pad: 4 1651000 635000 635000 609600
pin: "AH5" 254000 -22001628 -25593728 135 ""
top_pad: 4 1651000 635000 635000 609600
inner_pad: 0 0 0 0 0 0
bottom_pad: 4 1651000 635000 635000 609600
pin: "AH6" 254000 -23797680 -27389780 135 ""
top_pad: 4 1651000 635000 635000 609600
inner_pad: 0 0 0 0 0 0
bottom_pad: 4 1651000 635000 635000 609600
pin: "AH7" 254000 -25593731 -29185831 135 ""
top_pad: 4 1651000 635000 635000 609600
inner_pad: 0 0 0 0 0 0
bottom_pad: 4 1651000 635000 635000 609600
pin: "AH8" 254000 -27389782 -30981882 135 ""
top_pad: 4 1651000 635000 635000 609600
inner_pad: 0 0 0 0 0 0
bottom_pad: 4 1651000 635000 635000 609600
pin: "AH9" 254000 -29185833 -32777933 135 ""
top_pad: 4 1651000 635000 635000 609600
inner_pad: 0 0 0 0 0 0
bottom_pad: 4 1651000 635000 635000 609600
pin: "AH10" 254000 -30981885 -34573985 135 ""
top_pad: 4 1651000 635000 635000 609600
inner_pad: 0 0 0 0 0 0
bottom_pad: 4 1651000 635000 635000 609600
pin: "AH11" 254000 -32777936 -36370036 135 ""
top_pad: 4 1651000 635000 635000 609600
inner_pad: 0 0 0 0 0 0
bottom_pad: 4 1651000 635000 635000 609600
pin: "AH12" 254000 -34573987 -38166087 135 ""
top_pad: 4 1651000 635000 635000 609600
inner_pad: 0 0 0 0 0 0
bottom_pad: 4 1651000 635000 635000 609600
pin: "AH13" 254000 -36370038 -39962138 135 ""
top_pad: 4 1651000 635000 635000 609600
inner_pad: 0 0 0 0 0 0
bottom_pad: 4 1651000 635000 635000 609600
pin: "AH14" 254000 -38166089 -41758189 135 ""
top_pad: 4 1651000 635000 635000 609600
inner_pad: 0 0 0 0 0 0
bottom_pad: 4 1651000 635000 635000 609600
pin: "AH15" 254000 -39962141 -43554241 135 ""
top_pad: 4 1651000 635000 635000 609600
inner_pad: 0 0 0 0 0 0
bottom_pad: 4 1651000 635000 635000 609600
pin: "AH16" 254000 -41758192 -45350292 135 ""
top_pad: 4 1651000 635000 635000 609600
inner_pad: 0 0 0 0 0 0
bottom_pad: 4 1651000 635000 635000 609600
pin: "AH17" 254000 -43554243 -47146343 135 ""
top_pad: 4 1651000 635000 635000 609600
inner_pad: 0 0 0 0 0 0
bottom_pad: 4 1651000 635000 635000 609600
pin: "AH18" 254000 -45350294 -48942394 135 ""
top_pad: 4 1651000 635000 635000 609600
inner_pad: 0 0 0 0 0 0
bottom_pad: 4 1651000 635000 635000 609600
pin: "AH19" 254000 -47146346 -50738446 135 ""
top_pad: 4 1651000 635000 635000 609600
inner_pad: 0 0 0 0 0 0
bottom_pad: 4 1651000 635000 635000 609600
pin: "AH20" 254000 -48942397 -52534497 135 ""
top_pad: 4 1651000 635000 635000 609600
inner_pad: 0 0 0 0 0 0
bottom_pad: 4 1651000 635000 635000 609600
pin: "AH21" 254000 -38166089 -63310804 135 ""
top_pad: 4 1651000 635000 635000 609600
inner_pad: 0 0 0 0 0 0
bottom_pad: 4 1651000 635000 635000 609600
pin: "AH22" 254000 -36370038 -61514753 135 ""
top_pad: 4 1651000 635000 635000 609600
inner_pad: 0 0 0 0 0 0
bottom_pad: 4 1651000 635000 635000 609600
pin: "AH23" 254000 -34573987 -59718702 135 ""
top_pad: 4 1651000 635000 635000 609600
inner_pad: 0 0 0 0 0 0
bottom_pad: 4 1651000 635000 635000 609600
pin: "AH24" 254000 -32777936 -57922650 135 ""
top_pad: 4 1651000 635000 635000 609600
inner_pad: 0 0 0 0 0 0
bottom_pad: 4 1651000 635000 635000 609600
pin: "AH25" 254000 -30981885 -56126599 135 ""
top_pad: 4 1651000 635000 635000 609600
inner_pad: 0 0 0 0 0 0
bottom_pad: 4 1651000 635000 635000 609600
pin: "AH26" 254000 -29185833 -54330548 135 ""
top_pad: 4 1651000 635000 635000 609600
inner_pad: 0 0 0 0 0 0
bottom_pad: 4 1651000 635000 635000 609600
pin: "AH27" 254000 -27389782 -52534497 135 ""
top_pad: 4 1651000 635000 635000 609600
inner_pad: 0 0 0 0 0 0
bottom_pad: 4 1651000 635000 635000 609600
pin: "AH28" 254000 -25593731 -50738446 135 ""
top_pad: 4 1651000 635000 635000 609600
inner_pad: 0 0 0 0 0 0
bottom_pad: 4 1651000 635000 635000 609600
pin: "AH29" 254000 -23797680 -48942394 135 ""
top_pad: 4 1651000 635000 635000 609600
inner_pad: 0 0 0 0 0 0
bottom_pad: 4 1651000 635000 635000 609600
pin: "AH30" 254000 -22001628 -47146343 135 ""
top_pad: 4 1651000 635000 635000 609600
inner_pad: 0 0 0 0 0 0
bottom_pad: 4 1651000 635000 635000 609600
pin: "AH31" 254000 -20205577 -45350292 135 ""
top_pad: 4 1651000 635000 635000 609600
inner_pad: 0 0 0 0 0 0
bottom_pad: 4 1651000 635000 635000 609600
pin: "AH32" 254000 -18409526 -43554241 135 ""
top_pad: 4 1651000 635000 635000 609600
inner_pad: 0 0 0 0 0 0
bottom_pad: 4 1651000 635000 635000 609600
pin: "AH33" 254000 -16613475 -41758189 135 ""
top_pad: 4 1651000 635000 635000 609600
inner_pad: 0 0 0 0 0 0
bottom_pad: 4 1651000 635000 635000 609600
pin: "AH34" 254000 -14817424 -39962138 135 ""
top_pad: 4 1651000 635000 635000 609600
inner_pad: 0 0 0 0 0 0
bottom_pad: 4 1651000 635000 635000 609600
pin: "AH35" 254000 -13021373 -38166087 135 ""
top_pad: 4 1651000 635000 635000 609600
inner_pad: 0 0 0 0 0 0
bottom_pad: 4 1651000 635000 635000 609600
pin: "AH36" 254000 -11225322 -36370036 135 ""
top_pad: 4 1651000 635000 635000 609600
inner_pad: 0 0 0 0 0 0
bottom_pad: 4 1651000 635000 635000 609600
pin: "AH37" 254000 -9429271 -34573985 135 ""
top_pad: 4 1651000 635000 635000 609600
inner_pad: 0 0 0 0 0 0
bottom_pad: 4 1651000 635000 635000 609600
pin: "AH38" 254000 -7633220 -32777933 135 ""
top_pad: 4 1651000 635000 635000 609600
inner_pad: 0 0 0 0 0 0
bottom_pad: 4 1651000 635000 635000 609600
pin: "AH39" 254000 -5837168 -30981882 135 ""
top_pad: 4 1651000 635000 635000 609600
inner_pad: 0 0 0 0 0 0
bottom_pad: 4 1651000 635000 635000 609600
pin: "AH40" 254000 -4041117 -29185831 135 ""
top_pad: 4 1651000 635000 635000 609600
inner_pad: 0 0 0 0 0 0
bottom_pad: 4 1651000 635000 635000 609600
pin: "AI1" 254000 -32239118 -5298352 45 ""
top_pad: 4 1778000 698500 698500 127000
inner_pad: 0 0 0 0 0 0
bottom_pad: 4 1778000 698500 698500 127000
pin: "AI2" 254000 -30443067 -7094403 45 ""
top_pad: 4 1651000 635000 635000 609600
inner_pad: 0 0 0 0 0 0
bottom_pad: 4 1651000 635000 635000 609600
pin: "AI3" 254000 -28647016 -8890454 45 ""
top_pad: 4 1651000 635000 635000 609600
inner_pad: 0 0 0 0 0 0
bottom_pad: 4 1651000 635000 635000 609600
pin: "AI4" 254000 -26850965 -10686505 45 ""
top_pad: 4 1651000 635000 635000 609600
inner_pad: 0 0 0 0 0 0
bottom_pad: 4 1651000 635000 635000 609600
pin: "AI5" 254000 -25054914 -12482556 45 ""
top_pad: 4 1651000 635000 635000 609600
inner_pad: 0 0 0 0 0 0
bottom_pad: 4 1651000 635000 635000 609600
pin: "AI6" 254000 -23258862 -14278608 45 ""
top_pad: 4 1651000 635000 635000 609600
inner_pad: 0 0 0 0 0 0
bottom_pad: 4 1651000 635000 635000 609600
pin: "AI7" 254000 -21462811 -16074659 45 ""
top_pad: 4 1651000 635000 635000 609600
inner_pad: 0 0 0 0 0 0
bottom_pad: 4 1651000 635000 635000 609600
pin: "AI8" 254000 -19666760 -17870710 45 ""
top_pad: 4 1651000 635000 635000 609600
inner_pad: 0 0 0 0 0 0
bottom_pad: 4 1651000 635000 635000 609600
pin: "AI9" 254000 -14278606 -12482556 45 ""
top_pad: 4 1651000 635000 635000 609600
inner_pad: 0 0 0 0 0 0
bottom_pad: 4 1651000 635000 635000 609600
pin: "AI10" 254000 -16074657 -10686505 45 ""
top_pad: 4 1651000 635000 635000 609600
inner_pad: 0 0 0 0 0 0
bottom_pad: 4 1651000 635000 635000 609600
pin: "AI11" 254000 -17870709 -8890454 45 ""
top_pad: 4 1651000 635000 635000 609600
inner_pad: 0 0 0 0 0 0
bottom_pad: 4 1651000 635000 635000 609600
pin: "AI12" 254000 -19666760 -7094403 45 ""
top_pad: 4 1651000 635000 635000 609600
inner_pad: 0 0 0 0 0 0
bottom_pad: 4 1651000 635000 635000 609600
pin: "AI13" 254000 -21462811 -5298352 45 ""
top_pad: 4 1651000 635000 635000 609600
inner_pad: 0 0 0 0 0 0
bottom_pad: 4 1651000 635000 635000 609600
pin: "AI14" 254000 -23258862 -3502301 45 ""
top_pad: 4 1651000 635000 635000 609600
inner_pad: 0 0 0 0 0 0
bottom_pad: 4 1651000 635000 635000 609600
pin: "AI15" 254000 -25054914 -1706250 45 ""
top_pad: 4 1651000 635000 635000 609600
inner_pad: 0 0 0 0 0 0
bottom_pad: 4 1651000 635000 635000 609600
pin: "AI16" 254000 -26850965 89801 45 ""
top_pad: 4 1651000 635000 635000 609600
inner_pad: 0 0 0 0 0 0
bottom_pad: 4 1651000 635000 635000 609600
pin: "AJ1" 254000 -52175288 -50379240 225 ""
top_pad: 4 1778000 698500 698500 127000
inner_pad: 0 0 0 0 0 0
bottom_pad: 4 1778000 698500 698500 127000
pin: "AJ2" 254000 -53971339 -48583189 225 ""
top_pad: 4 1651000 635000 635000 609600
inner_pad: 0 0 0 0 0 0
bottom_pad: 4 1651000 635000 635000 609600
pin: "AJ3" 254000 -55767390 -46787138 225 ""
top_pad: 4 1651000 635000 635000 609600
inner_pad: 0 0 0 0 0 0
bottom_pad: 4 1651000 635000 635000 609600
pin: "AJ4" 254000 -57563441 -44991087 225 ""
top_pad: 4 1651000 635000 635000 609600
inner_pad: 0 0 0 0 0 0
bottom_pad: 4 1651000 635000 635000 609600
pin: "AJ5" 254000 -59359492 -43195036 225 ""
top_pad: 4 1651000 635000 635000 609600
inner_pad: 0 0 0 0 0 0
bottom_pad: 4 1651000 635000 635000 609600
pin: "AJ6" 254000 -61155544 -41398984 225 ""
top_pad: 4 1651000 635000 635000 609600
inner_pad: 0 0 0 0 0 0
bottom_pad: 4 1651000 635000 635000 609600
pin: "AJ7" 254000 -62951595 -39602933 225 ""
top_pad: 4 1651000 635000 635000 609600
inner_pad: 0 0 0 0 0 0
bottom_pad: 4 1651000 635000 635000 609600
pin: "AJ8" 254000 -64747646 -37806882 225 ""
top_pad: 4 1651000 635000 635000 609600
inner_pad: 0 0 0 0 0 0
bottom_pad: 4 1651000 635000 635000 609600
pin: "AJ9" 254000 -70135800 -43195036 225 ""
top_pad: 4 1651000 635000 635000 609600
inner_pad: 0 0 0 0 0 0
bottom_pad: 4 1651000 635000 635000 609600
pin: "AJ10" 254000 -68339749 -44991087 225 ""
top_pad: 4 1651000 635000 635000 609600
inner_pad: 0 0 0 0 0 0
bottom_pad: 4 1651000 635000 635000 609600
pin: "AJ11" 254000 -66543697 -46787138 225 ""
top_pad: 4 1651000 635000 635000 609600
inner_pad: 0 0 0 0 0 0
bottom_pad: 4 1651000 635000 635000 609600
pin: "AJ12" 254000 -64747646 -48583189 225 ""
top_pad: 4 1651000 635000 635000 609600
inner_pad: 0 0 0 0 0 0
bottom_pad: 4 1651000 635000 635000 609600
pin: "AJ13" 254000 -62951595 -50379240 225 ""
top_pad: 4 1651000 635000 635000 609600
inner_pad: 0 0 0 0 0 0
bottom_pad: 4 1651000 635000 635000 609600
pin: "AJ14" 254000 -61155544 -52175291 225 ""
top_pad: 4 1651000 635000 635000 609600
inner_pad: 0 0 0 0 0 0
bottom_pad: 4 1651000 635000 635000 609600
pin: "AJ15" 254000 -59359492 -53971342 225 ""
top_pad: 4 1651000 635000 635000 609600
inner_pad: 0 0 0 0 0 0
bottom_pad: 4 1651000 635000 635000 609600
pin: "AJ16" 254000 -57563441 -55767393 225 ""
top_pad: 4 1651000 635000 635000 609600
inner_pad: 0 0 0 0 0 0
bottom_pad: 4 1651000 635000 635000 609600
pin: "AK1" 254000 -25054916 1885856 45 ""
top_pad: 4 1778000 698500 698500 127000
inner_pad: 0 0 0 0 0 0
bottom_pad: 4 1778000 698500 698500 127000
pin: "AK2" 254000 -23258865 89805 45 ""
top_pad: 4 1651000 635000 635000 609600
inner_pad: 0 0 0 0 0 0
bottom_pad: 4 1651000 635000 635000 609600
pin: "AK3" 254000 -21462814 -1706246 45 ""
top_pad: 4 1651000 635000 635000 609600
inner_pad: 0 0 0 0 0 0
bottom_pad: 4 1651000 635000 635000 609600
pin: "AK4" 254000 -19666763 -3502297 45 ""
top_pad: 4 1651000 635000 635000 609600
inner_pad: 0 0 0 0 0 0
bottom_pad: 4 1651000 635000 635000 609600
pin: "AK5" 254000 -17870712 -5298348 45 ""
top_pad: 4 1651000 635000 635000 609600
inner_pad: 0 0 0 0 0 0
bottom_pad: 4 1651000 635000 635000 609600
pin: "AK6" 254000 -16074660 -7094400 45 ""
top_pad: 4 1651000 635000 635000 609600
inner_pad: 0 0 0 0 0 0
bottom_pad: 4 1651000 635000 635000 609600
pin: "AK7" 254000 -14278609 -8890451 45 ""
top_pad: 4 1651000 635000 635000 609600
inner_pad: 0 0 0 0 0 0
bottom_pad: 4 1651000 635000 635000 609600
pin: "AK8" 254000 -12482558 -10686502 45 ""
top_pad: 4 1651000 635000 635000 609600
inner_pad: 0 0 0 0 0 0
bottom_pad: 4 1651000 635000 635000 609600
pin: "AK9" 254000 -7094404 -5298348 45 ""
top_pad: 4 1651000 635000 635000 609600
inner_pad: 0 0 0 0 0 0
bottom_pad: 4 1651000 635000 635000 609600
pin: "AK10" 254000 -8890455 -3502297 45 ""
top_pad: 4 1651000 635000 635000 609600
inner_pad: 0 0 0 0 0 0
bottom_pad: 4 1651000 635000 635000 609600
pin: "AK11" 254000 -10686507 -1706246 45 ""
top_pad: 4 1651000 635000 635000 609600
inner_pad: 0 0 0 0 0 0
bottom_pad: 4 1651000 635000 635000 609600
pin: "AK12" 254000 -12482558 89805 45 ""
top_pad: 4 1651000 635000 635000 609600
inner_pad: 0 0 0 0 0 0
bottom_pad: 4 1651000 635000 635000 609600
pin: "AK13" 254000 -14278609 1885856 45 ""
top_pad: 4 1651000 635000 635000 609600
inner_pad: 0 0 0 0 0 0
bottom_pad: 4 1651000 635000 635000 609600
pin: "AK14" 254000 -16074660 3681907 45 ""
top_pad: 4 1651000 635000 635000 609600
inner_pad: 0 0 0 0 0 0
bottom_pad: 4 1651000 635000 635000 609600
pin: "AK15" 254000 -17870712 5477958 45 ""
top_pad: 4 1651000 635000 635000 609600
inner_pad: 0 0 0 0 0 0
bottom_pad: 4 1651000 635000 635000 609600
pin: "AK16" 254000 -19666763 7274009 45 ""
top_pad: 4 1651000 635000 635000 609600
inner_pad: 0 0 0 0 0 0
bottom_pad: 4 1651000 635000 635000 609600
pin: "AL1" 254000 14368412 -10776308 225 ""
top_pad: 4 1651000 635000 635000 101600
inner_pad: 0 0 0 0 0 0
bottom_pad: 4 1651000 635000 635000 101600
pin: "AL2" 254000 12572361 -8980257 225 ""
top_pad: 4 1651000 635000 635000 609600
inner_pad: 0 0 0 0 0 0
bottom_pad: 4 1651000 635000 635000 609600
pin: "AL3" 254000 10776310 -7184206 225 ""
top_pad: 4 1651000 635000 635000 609600
inner_pad: 0 0 0 0 0 0
bottom_pad: 4 1651000 635000 635000 609600
pin: "AL4" 254000 8980259 -5388155 225 ""
top_pad: 4 1651000 635000 635000 609600
inner_pad: 0 0 0 0 0 0
bottom_pad: 4 1651000 635000 635000 609600
pin: "AL5" 254000 7184208 -3592104 225 ""
top_pad: 4 1651000 635000 635000 609600
inner_pad: 0 0 0 0 0 0
bottom_pad: 4 1651000 635000 635000 609600
pin: "AL6" 254000 5388156 -1796052 225 ""
top_pad: 4 1651000 635000 635000 609600
inner_pad: 0 0 0 0 0 0
bottom_pad: 4 1651000 635000 635000 609600
pin: "AL7" 254000 3592105 -1 225 ""
top_pad: 4 1651000 635000 635000 609600
inner_pad: 0 0 0 0 0 0
bottom_pad: 4 1651000 635000 635000 609600
pin: "AL8" 254000 -1796049 -5388155 225 ""
top_pad: 4 1651000 635000 635000 609600
inner_pad: 0 0 0 0 0 0
bottom_pad: 4 1651000 635000 635000 609600
pin: "AL9" 254000 3 -7184206 225 ""
top_pad: 4 1651000 635000 635000 609600
inner_pad: 0 0 0 0 0 0
bottom_pad: 4 1651000 635000 635000 609600
pin: "AL10" 254000 1796054 -8980257 225 ""
top_pad: 4 1651000 635000 635000 609600
inner_pad: 0 0 0 0 0 0
bottom_pad: 4 1651000 635000 635000 609600
pin: "AL11" 254000 3592105 -10776308 225 ""
top_pad: 4 1651000 635000 635000 609600
inner_pad: 0 0 0 0 0 0
bottom_pad: 4 1651000 635000 635000 609600
pin: "AL12" 254000 5388156 -12572359 225 ""
top_pad: 4 1651000 635000 635000 609600
inner_pad: 0 0 0 0 0 0
bottom_pad: 4 1651000 635000 635000 609600
pin: "AL13" 254000 7184208 -14368410 225 ""
top_pad: 4 1651000 635000 635000 609600
inner_pad: 0 0 0 0 0 0
bottom_pad: 4 1651000 635000 635000 609600
pin: "AL14" 254000 8980259 -16164461 225 ""
top_pad: 4 1651000 635000 635000 609600
inner_pad: 0 0 0 0 0 0
bottom_pad: 4 1651000 635000 635000 609600
pin: "AM1" 254000 1347040 -25414124 45 ""
top_pad: 4 1219200 609600 609600 254000
inner_pad: 0 0 0 0 0 0
bottom_pad: 4 1219200 609600 609600 254000
pin: "AM2" 254000 -89800 -26850964 45 ""
top_pad: 1 1219200 635000 635000 0
inner_pad: 0 0 0 0 0 0
bottom_pad: 1 1219200 635000 635000 0
pin: "AM3" 254000 -1526640 -28287804 45 ""
top_pad: 1 1219200 635000 635000 0
inner_pad: 0 0 0 0 0 0
bottom_pad: 1 1219200 635000 635000 0
pin: "AN1" 254000 -49571012 -49930224 45 ""
top_pad: 1 1397000 762000 762000 381000
inner_pad: 0 0 0 0 0 0
bottom_pad: 1 1397000 762000 762000 381000
pin: "AN2" 254000 -47774961 -48134173 45 ""
top_pad: 1 1397000 698500 698500 0
inner_pad: 0 0 0 0 0 0
bottom_pad: 1 1397000 698500 698500 0
pin: "AN3" 254000 -45978910 -46338122 45 ""
top_pad: 1 1397000 698500 698500 0
inner_pad: 0 0 0 0 0 0
bottom_pad: 1 1397000 698500 698500 0
end
