outline: 13 0
corner: 1 264875008 298687488 0
corner: 2 264875008 291187488 0
corner: 3 324875008 291187488 0
corner: 4 324875008 298687488 0
corner: 5 319875008 298687488 0
corner: 6 319875008 323687488 0
corner: 7 324875008 323687488 0
corner: 8 324875008 331187488 0
corner: 9 264875008 331187488 0
corner: 10 264875008 323687488 0
corner: 11 269875008 323687488 0
corner: 12 269875008 298687488 0
corner: 13 264875008 298687488 0
outline: 32 1
corner: 1 266875008 293687488 0 0 0 0 0
corner: 2 266940400 293064480 0 0 0 0 0
corner: 3 267133760 292468640 0 0 0 0 0
corner: 4 267446640 291925952 0 0 0 0 0
corner: 5 267865408 291460032 0 0 0 0 0
corner: 6 268371792 291091264 0 0 0 0 0
corner: 7 268943712 290835712 0 0 0 0 0
corner: 8 269556256 290704480 0 0 0 0 0
corner: 9 270182688 290703328 0 0 0 0 0
corner: 10 270795040 290832064 0 0 0 0 0
corner: 11 271367392 291085024 0 0 0 0 0
corner: 12 271874784 291451232 0 0 0 0 0
corner: 13 272295168 291914720 0 0 0 0 0
corner: 14 272610272 292455328 0 0 0 0 0
corner: 15 272806400 293049568 0 0 0 0 0
corner: 16 272874944 293671520 0 0 0 0 0
corner: 17 272813024 294294208 0 0 0 0 0
corner: 18 272622688 294891744 0 0 0 0 0
corner: 19 272312288 295436672 0 0 0 0 0
corner: 20 271895392 295905152 0 0 0 0 0
corner: 21 271390208 296276736 0 0 0 0 0
corner: 22 270818816 296535168 0 0 0 0 0
corner: 23 270206176 296669152 0 0 0 0 0
corner: 24 269579040 296672864 0 0 0 0 0
corner: 25 268965536 296546336 0 0 0 0 0
corner: 26 268391664 296295136 0 0 0 0 0
corner: 27 267882480 295930240 0 0 0 0 0
corner: 28 267460160 295467552 0 0 0 0 0
corner: 29 267143152 294927264 0 0 0 0 0
corner: 30 266945248 294332896 0 0 0 0 0
corner: 31 266875088 293710400 0 0 0 0 0
corner: 32 266875008 293687488 0 0 0 0 0
outline: 32 2
corner: 1 266875008 328687488 0 0 0 0 0
corner: 2 266940400 328064480 0 0 0 0 0
corner: 3 267133760 327468640 0 0 0 0 0
corner: 4 267446640 326925952 0 0 0 0 0
corner: 5 267865408 326460032 0 0 0 0 0
corner: 6 268371792 326091264 0 0 0 0 0
corner: 7 268943712 325835712 0 0 0 0 0
corner: 8 269556256 325704480 0 0 0 0 0
corner: 9 270182688 325703328 0 0 0 0 0
corner: 10 270795040 325832064 0 0 0 0 0
corner: 11 271367392 326085024 0 0 0 0 0
corner: 12 271874784 326451232 0 0 0 0 0
corner: 13 272295168 326914720 0 0 0 0 0
corner: 14 272610272 327455328 0 0 0 0 0
corner: 15 272806400 328049568 0 0 0 0 0
corner: 16 272874944 328671520 0 0 0 0 0
corner: 17 272813024 329294208 0 0 0 0 0
corner: 18 272622688 329891744 0 0 0 0 0
corner: 19 272312288 330436672 0 0 0 0 0
corner: 20 271895392 330905152 0 0 0 0 0
corner: 21 271390208 331276736 0 0 0 0 0
corner: 22 270818816 331535168 0 0 0 0 0
corner: 23 270206176 331669152 0 0 0 0 0
corner: 24 269579040 331672864 0 0 0 0 0
corner: 25 268965536 331546336 0 0 0 0 0
corner: 26 268391664 331295136 0 0 0 0 0
corner: 27 267882480 330930240 0 0 0 0 0
corner: 28 267460160 330467552 0 0 0 0 0
corner: 29 267143152 329927264 0 0 0 0 0
corner: 30 266945248 329332896 0 0 0 0 0
corner: 31 266875088 328710400 0 0 0 0 0
corner: 32 266875008 328687488 0 0 0 0 0
outline: 32 3
corner: 1 316875008 293687488 0 0 0 0 0
corner: 2 316940416 293064480 0 0 0 0 0
corner: 3 317133760 292468640 0 0 0 0 0
corner: 4 317446656 291925952 0 0 0 0 0
corner: 5 317865408 291460032 0 0 0 0 0
corner: 6 318371808 291091264 0 0 0 0 0
corner: 7 318943712 290835712 0 0 0 0 0
corner: 8 319556256 290704480 0 0 0 0 0
corner: 9 320182688 290703328 0 0 0 0 0
corner: 10 320795040 290832064 0 0 0 0 0
corner: 11 321367392 291085024 0 0 0 0 0
corner: 12 321874784 291451232 0 0 0 0 0
corner: 13 322295168 291914720 0 0 0 0 0
corner: 14 322610272 292455328 0 0 0 0 0
corner: 15 322806400 293049568 0 0 0 0 0
corner: 16 322874944 293671520 0 0 0 0 0
corner: 17 322813024 294294208 0 0 0 0 0
corner: 18 322622688 294891744 0 0 0 0 0
corner: 19 322312288 295436672 0 0 0 0 0
corner: 20 321895392 295905152 0 0 0 0 0
corner: 21 321390208 296276736 0 0 0 0 0
corner: 22 320818816 296535168 0 0 0 0 0
corner: 23 320206176 296669152 0 0 0 0 0
corner: 24 319579040 296672864 0 0 0 0 0
corner: 25 318965536 296546336 0 0 0 0 0
corner: 26 318391648 296295136 0 0 0 0 0
corner: 27 317882464 295930240 0 0 0 0 0
corner: 28 317460160 295467552 0 0 0 0 0
corner: 29 317143136 294927264 0 0 0 0 0
corner: 30 316945248 294332896 0 0 0 0 0
corner: 31 316875072 293710400 0 0 0 0 0
corner: 32 316875008 293687488 0 0 0 0 0
outline: 32 4
corner: 1 316875008 328687488 0 0 0 0 0
corner: 2 316940416 328064480 0 0 0 0 0
corner: 3 317133760 327468640 0 0 0 0 0
corner: 4 317446656 326925952 0 0 0 0 0
corner: 5 317865408 326460032 0 0 0 0 0
corner: 6 318371808 326091264 0 0 0 0 0
corner: 7 318943712 325835712 0 0 0 0 0
corner: 8 319556256 325704480 0 0 0 0 0
corner: 9 320182688 325703328 0 0 0 0 0
corner: 10 320795040 325832064 0 0 0 0 0
corner: 11 321367392 326085024 0 0 0 0 0
corner: 12 321874784 326451232 0 0 0 0 0
corner: 13 322295168 326914720 0 0 0 0 0
corner: 14 322610272 327455328 0 0 0 0 0
corner: 15 322806400 328049568 0 0 0 0 0
corner: 16 322874944 328671520 0 0 0 0 0
corner: 17 322813024 329294208 0 0 0 0 0
corner: 18 322622688 329891744 0 0 0 0 0
corner: 19 322312288 330436672 0 0 0 0 0
corner: 20 321895392 330905152 0 0 0 0 0
corner: 21 321390208 331276736 0 0 0 0 0
corner: 22 320818816 331535168 0 0 0 0 0
corner: 23 320206176 331669152 0 0 0 0 0
corner: 24 319579040 331672864 0 0 0 0 0
corner: 25 318965536 331546336 0 0 0 0 0
corner: 26 318391648 331295136 0 0 0 0 0
corner: 27 317882464 330930240 0 0 0 0 0
corner: 28 317460160 330467552 0 0 0 0 0
corner: 29 317143136 329927264 0 0 0 0 0
corner: 30 316945248 329332896 0 0 0 0 0
corner: 31 316875072 328710400 0 0 0 0 0
corner: 32 316875008 328687488 0 0 0 0 0
end
