name: "BOTTOM_LINES_ID1002"
units: NM
sel_rect: -254000 -4254000 25654000 -1746000
ref_text: 300000 0 0 0 10000
value_text: 300000 0 0 0 10000
centroid: 0 0 0 0
outline_polyline: 200000 0 -2000000
next_corner: 0 -4000000 0
next_corner: 25400000 -4000000 0
next_corner: 25400000 -2000000 0
close_polyline: 0
text: "IMPORT P-CAD: BOTTOM_LIN..." 1000000 600000 -3400000 0 200000 0 4
outline_polyline: 500000 10318752 20573744
next_corner: 10001248 20573744 0
outline_polyline: 300000 24288752 5016248
next_corner: 25241248 5016248 0
outline_polyline: 400000 23266248 3816248
next_corner: 23266248 4451248 0
outline_polyline: 400000 50006256 48354992
next_corner: 49530000 48831248 0
outline_polyline: 1000000 51911248 6127496
next_corner: 51911248 6397496 0
outline_polyline: 250000 53301248 26091248
next_corner: 53777504 26091248 0
outline_polyline: 300000 51593744 42640000
next_corner: 51593744 41687496 0
outline_polyline: 250000 61118752 31686248
next_corner: 61118752 32003744 0
outline_polyline: 500000 59848752 35020000
next_corner: 59848752 34384992 0
outline_polyline: 300000 59848752 43116248
next_corner: 60801248 43116248 0
outline_polyline: 500000 61118752 58832496
next_corner: 61118752 58197496 0
outline_polyline: 1000000 67151248 52641248
next_corner: 67151248 53070000 0
outline_polyline: 300000 70643744 55339992
next_corner: 69691248 56292496 0
outline_polyline: 1000000 76648752 17874992
next_corner: 76200000 17874992 0
outline_polyline: 1000000 87947504 18510000
next_corner: 87312496 18510000 0
outline_polyline: 300000 83820000 19780000
next_corner: 85090000 21050000 0
outline_polyline: 500000 86241248 43116248
next_corner: 84137504 43116248 0
outline_polyline: 300000 91122496 8508744
next_corner: 91122496 7080000 0
outline_polyline: 300000 91757504 41052496
next_corner: 92710000 40100000 0
outline_polyline: 1000000 102552496 17716248
next_corner: 102393744 17557496 0
outline_polyline: 25400 106672752 53966248
next_corner: 106097952 54161648 0
outline_polyline: 25400 106097952 54161648
next_corner: 105564752 54308544 0
outline_polyline: 25400 105564752 54308544
next_corner: 105038944 54424648 0
outline_polyline: 25400 105038944 54424648
next_corner: 104523744 54510448 0
outline_polyline: 25400 104523744 54510448
next_corner: 104022144 54566048 0
outline_polyline: 25400 104022144 54566048
next_corner: 103537744 54592248 0
outline_polyline: 25400 103537744 54592248
next_corner: 103073344 54588944 0
outline_polyline: 25400 103073344 54588944
next_corner: 102632544 54556744 0
outline_polyline: 25400 102632544 54556744
next_corner: 102218048 54495744 0
outline_polyline: 25400 102218048 54495744
next_corner: 101833648 54406544 0
outline_polyline: 25400 101833648 54406544
next_corner: 101482048 54289344 0
outline_polyline: 25400 101482048 54289344
next_corner: 101166848 54144744 0
outline_polyline: 25400 101166848 54144744
next_corner: 100890944 53972744 0
outline_polyline: 25400 100890944 53972744
next_corner: 100657744 53773944 0
outline_polyline: 25400 100657744 53773944
next_corner: 100470352 53548544 0
outline_polyline: 25400 100470352 53548544
next_corner: 100332256 53297144 0
outline_polyline: 25400 100332256 53297144
next_corner: 100247856 53026048 0
outline_polyline: 25400 100247856 53026048
next_corner: 100218944 52743744 0
outline_polyline: 25400 100218944 52743744
next_corner: 100243248 52452248 0
outline_polyline: 25400 100243248 52452248
next_corner: 100318848 52153944 0
outline_polyline: 25400 100318848 52153944
next_corner: 100443344 51850848 0
outline_polyline: 25400 100443344 51850848
next_corner: 100615056 51545544 0
outline_polyline: 25400 100615056 51545544
next_corner: 100831456 51240144 0
outline_polyline: 25400 100831456 51240144
next_corner: 101090848 50937048 0
outline_polyline: 25400 101090848 50937048
next_corner: 101390656 50638248 0
outline_polyline: 25400 101390656 50638248
next_corner: 101729248 50346144 0
outline_polyline: 25400 101729248 50346144
next_corner: 102104256 50062944 0
outline_polyline: 25400 102104256 50062944
next_corner: 102513744 49791144 0
outline_polyline: 25400 102513744 49791144
next_corner: 102955344 49532544 0
outline_polyline: 25400 102955344 49532544
next_corner: 103427344 49289848 0
outline_polyline: 25400 103427344 49289848
next_corner: 103927248 49065048 0
outline_polyline: 25400 103927248 49065048
next_corner: 104453344 48860744 0
outline_polyline: 25400 104453344 48860744
next_corner: 104990448 48682648 0
outline_polyline: 25400 104990448 48682648
next_corner: 105523648 48535744 0
outline_polyline: 25400 105523648 48535744
next_corner: 106049344 48419544 0
outline_polyline: 25400 106049344 48419544
next_corner: 106564656 48333848 0
outline_polyline: 25400 106564656 48333848
next_corner: 107066048 48277944 0
outline_polyline: 25400 107066048 48277944
next_corner: 107550544 48251944 0
outline_polyline: 25400 107550544 48251944
next_corner: 108014848 48255248 0
outline_polyline: 25400 108014848 48255248
next_corner: 108455952 48287648 0
outline_polyline: 12700 101777408 54386344
next_corner: 101783744 54386344 0
outline_polyline: 25400 101783744 54386344
next_corner: 101654352 54344944 0
outline_polyline: 25400 101654352 54344944
next_corner: 101529648 54300048 0
outline_polyline: 25400 101529648 54300048
next_corner: 101409648 54251448 0
outline_polyline: 25400 101409648 54251448
next_corner: 101294544 54199344 0
outline_polyline: 25400 101294544 54199344
next_corner: 101184352 54143544 0
outline_polyline: 25400 101184352 54143544
next_corner: 101079648 54084248 0
outline_polyline: 25400 101079648 54084248
next_corner: 100980144 54021248 0
outline_polyline: 25400 100980144 54021248
next_corner: 100886352 53954944 0
outline_polyline: 25400 100886352 53954944
next_corner: 100797952 53884744 0
outline_polyline: 25400 100797952 53884744
next_corner: 100715552 53811248 0
outline_polyline: 25400 100715552 53811248
next_corner: 100639056 53734144 0
outline_polyline: 25400 100639056 53734144
next_corner: 100568752 53653744 0
outline_polyline: 25400 100568752 53653744
next_corner: 100504448 53569648 0
outline_polyline: 25400 100504448 53569648
next_corner: 100446848 53482248 0
outline_polyline: 25400 100446848 53482248
next_corner: 100395856 53391344 0
outline_polyline: 25400 100395856 53391344
next_corner: 100351648 53297144 0
outline_polyline: 25400 100351648 53297144
next_corner: 100274848 53061248 0
outline_polyline: 25400 100274848 53061248
next_corner: 100240544 52816648 0
outline_polyline: 25400 100240544 52816648
next_corner: 100247248 52564544 0
outline_polyline: 25400 100247248 52564544
next_corner: 100293552 52306848 0
outline_polyline: 25400 100293552 52306848
next_corner: 100377856 52044448 0
outline_polyline: 25400 100377856 52044448
next_corner: 100499056 51779344 0
outline_polyline: 25400 100499056 51779344
next_corner: 100655648 51512744 0
outline_polyline: 25400 100655648 51512744
next_corner: 100846352 51246448 0
outline_polyline: 25400 100846352 51246448
next_corner: 101069344 50981448 0
outline_polyline: 25400 101069344 50981448
next_corner: 101323744 50719848 0
outline_polyline: 25400 101323744 50719848
next_corner: 101607952 50462744 0
outline_polyline: 25400 101607952 50462744
next_corner: 101920656 50211944 0
outline_polyline: 25400 101920656 50211944
next_corner: 102260256 49968544 0
outline_polyline: 25400 102260256 49968544
next_corner: 102625552 49734344 0
outline_polyline: 25400 102625552 49734344
next_corner: 103015056 49510744 0
outline_polyline: 25400 103015056 49510744
next_corner: 103427456 49299544 0
outline_polyline: 25400 103427456 49299544
next_corner: 103224048 49639048 0
outline_polyline: 25400 103224048 49639048
next_corner: 103034848 49978544 0
outline_polyline: 25400 103034848 49978544
next_corner: 102859456 50317144 0
outline_polyline: 25400 102859456 50317144
next_corner: 102698048 50654544 0
outline_polyline: 25400 102698048 50654544
next_corner: 102550144 50989848 0
outline_polyline: 25400 102550144 50989848
next_corner: 102415856 51322744 0
outline_polyline: 25400 102415856 51322744
next_corner: 102294848 51652544 0
outline_polyline: 25400 102294848 51652544
next_corner: 102187248 51978848 0
outline_polyline: 25400 102187248 51978848
next_corner: 102092448 52300648 0
outline_polyline: 25400 102092448 52300648
next_corner: 102010752 52617744 0
outline_polyline: 25400 102010752 52617744
next_corner: 101941744 52929344 0
outline_polyline: 25400 101941744 52929344
next_corner: 101885552 53235144 0
outline_polyline: 25400 101885552 53235144
next_corner: 101841648 53534144 0
outline_polyline: 25400 103787152 50677048
next_corner: 103880544 50606944 0
outline_polyline: 25400 103880544 50606944
next_corner: 103977456 50541144 0
outline_polyline: 25400 103977456 50541144
next_corner: 104077952 50479144 0
outline_polyline: 25400 104077952 50479144
next_corner: 104182544 50421344 0
outline_polyline: 25400 104182544 50421344
next_corner: 104291056 50367248 0
outline_polyline: 25400 104291056 50367248
next_corner: 104403856 50317144 0
outline_polyline: 25400 104403856 50317144
next_corner: 104521056 50270848 0
outline_polyline: 25400 104521056 50270848
next_corner: 105665456 50036744 0
outline_polyline: 25400 105665456 50036744
next_corner: 105822544 49428744 0
outline_polyline: 25400 105822544 49428744
next_corner: 105902848 49410944 0
outline_polyline: 25400 105902848 49410944
next_corner: 105979152 49395048 0
outline_polyline: 25400 105979152 49395048
next_corner: 106051744 49380544 0
outline_polyline: 25400 106051744 49380544
next_corner: 106121456 49367648 0
outline_polyline: 25400 106121456 49367648
next_corner: 106188448 49355744 0
outline_polyline: 25400 106188448 49355744
next_corner: 106253952 49345144 0
outline_polyline: 25400 106253952 49345144
next_corner: 106317952 49335448 0
outline_polyline: 25400 106317952 49335448
next_corner: 106381648 49326648 0
outline_polyline: 25400 106381648 49326648
next_corner: 106445056 49318248 0
outline_polyline: 25400 106445056 49318248
next_corner: 106509344 49310544 0
outline_polyline: 25400 106509344 49310544
next_corner: 106574544 49303048 0
outline_polyline: 25400 106574544 49303048
next_corner: 106641856 49295848 0
outline_polyline: 25400 106641856 49295848
next_corner: 106711344 49288544 0
outline_polyline: 25400 106711344 49288544
next_corner: 106784048 49281248 0
outline_polyline: 25400 106784048 49281248
next_corner: 106860352 49273648 0
outline_polyline: 25400 106860352 49273648
next_corner: 106940944 49265744 0
outline_polyline: 25400 106940944 49265744
next_corner: 106887648 49521944 0
outline_polyline: 25400 106887648 49521944
next_corner: 106834656 49776744 0
outline_polyline: 25400 106834656 49776744
next_corner: 106781456 50029944 0
outline_polyline: 25400 106781456 50029944
next_corner: 106727952 50281944 0
outline_polyline: 25400 106727952 50281944
next_corner: 106673648 50532744 0
outline_polyline: 25400 106673648 50532744
next_corner: 106618752 50782648 0
outline_polyline: 25400 106618752 50782648
next_corner: 106562656 51031648 0
outline_polyline: 25400 106562656 51031648
next_corner: 106505456 51280144 0
outline_polyline: 25400 106505456 51280144
next_corner: 106446352 51527848 0
outline_polyline: 25400 106446352 51527848
next_corner: 106385648 51775248 0
outline_polyline: 25400 106385648 51775248
next_corner: 106322752 52022448 0
outline_polyline: 25400 106322752 52022448
next_corner: 106257744 52269744 0
outline_polyline: 25400 106257744 52269744
next_corner: 106190048 52516944 0
outline_polyline: 25400 106190048 52516944
next_corner: 106119648 52764448 0
outline_polyline: 25400 106119648 52764448
next_corner: 106046144 53012344 0
outline_polyline: 25400 106046144 53012344
next_corner: 105972752 53256248 0
outline_polyline: 25400 105972752 53256248
next_corner: 105828656 53301048 0
outline_polyline: 25400 105828656 53301048
next_corner: 105689344 53341344 0
outline_polyline: 25400 105689344 53341344
next_corner: 105551248 53381144 0
outline_polyline: 25400 105551248 53381144
next_corner: 105414048 53419944 0
outline_polyline: 25400 105414048 53419944
next_corner: 105277152 53456848 0
outline_polyline: 25400 105277152 53456848
next_corner: 105140544 53491544 0
outline_polyline: 25400 105140544 53491544
next_corner: 105003456 53523248 0
outline_polyline: 25400 105003456 53523248
next_corner: 104865856 53551344 0
outline_polyline: 25400 104865856 53551344
next_corner: 104727056 53575048 0
outline_polyline: 25400 104727056 53575048
next_corner: 104586944 53594144 0
outline_polyline: 25400 104586944 53594144
next_corner: 104444944 53607744 0
outline_polyline: 25400 104444944 53607744
next_corner: 104300848 53615448 0
outline_polyline: 25400 104300848 53615448
next_corner: 104154048 53616248 0
outline_polyline: 25400 104154048 53616248
next_corner: 104004544 53609944 0
outline_polyline: 25400 104004544 53609944
next_corner: 103851552 53595544 0
outline_polyline: 25400 103851552 53595544
next_corner: 103695152 53572848 0
outline_polyline: 25400 103695152 53572848
next_corner: 103615152 53553344 0
outline_polyline: 25400 103615152 53553344
next_corner: 103544256 53535144 0
outline_polyline: 25400 103544256 53535144
next_corner: 103481456 53517544 0
outline_polyline: 25400 103481456 53517544
next_corner: 103425952 53500744 0
outline_polyline: 25400 103425952 53500744
next_corner: 103376656 53484144 0
outline_polyline: 25400 103376656 53484144
next_corner: 103332944 53467648 0
outline_polyline: 25400 103332944 53467648
next_corner: 103293648 53450944 0
outline_polyline: 25400 103293648 53450944
next_corner: 103258144 53434048 0
outline_polyline: 25400 103258144 53434048
next_corner: 103225248 53416248 0
outline_polyline: 25400 103225248 53416248
next_corner: 103194352 53397744 0
outline_polyline: 25400 103194352 53397744
next_corner: 103164448 53378144 0
outline_polyline: 25400 103164448 53378144
next_corner: 103134944 53357248 0
outline_polyline: 25400 103134944 53357248
next_corner: 103104352 53334544 0
outline_polyline: 25400 103104352 53334544
next_corner: 103072352 53310248 0
outline_polyline: 25400 103072352 53310248
next_corner: 103037744 53283744 0
outline_polyline: 25400 103037744 53283744
next_corner: 102999856 53255048 0
outline_polyline: 25400 102999856 53255048
next_corner: 102965056 53220248 0
outline_polyline: 25400 102965056 53220248
next_corner: 102931456 53183648 0
outline_polyline: 25400 102931456 53183648
next_corner: 102899248 53144944 0
outline_polyline: 25400 102899248 53144944
next_corner: 102868848 53104344 0
outline_polyline: 25400 102868848 53104344
next_corner: 102840256 53061344 0
outline_polyline: 25400 102840256 53061344
next_corner: 102814048 53016344 0
outline_polyline: 25400 102814048 53016344
next_corner: 102790256 52968944 0
outline_polyline: 25400 102790256 52968944
next_corner: 102769552 52919344 0
outline_polyline: 25400 102769552 52919344
next_corner: 102751744 52867048 0
outline_polyline: 25400 102751744 52867048
next_corner: 102737456 52812344 0
outline_polyline: 25400 102737456 52812344
next_corner: 102726848 52755048 0
outline_polyline: 25400 102726848 52755048
next_corner: 102720352 52695248 0
outline_polyline: 25400 102720352 52695248
next_corner: 102717952 52632448 0
outline_polyline: 25400 102717952 52632448
next_corner: 102720256 52567048 0
outline_polyline: 25400 102720256 52567048
next_corner: 102727344 52498848 0
outline_polyline: 25400 102727344 52498848
next_corner: 102739744 52427744 0
outline_polyline: 25400 102739744 52427744
next_corner: 102755552 52351544 0
outline_polyline: 25400 102755552 52351544
next_corner: 102771744 52278048 0
outline_polyline: 25400 102771744 52278048
next_corner: 102788256 52206744 0
outline_polyline: 25400 102788256 52206744
next_corner: 102805648 52137648 0
outline_polyline: 25400 102805648 52137648
next_corner: 102823744 52070048 0
outline_polyline: 25400 102823744 52070048
next_corner: 102842944 52004248 0
outline_polyline: 25400 102842944 52004248
next_corner: 102863456 51939744 0
outline_polyline: 25400 102863456 51939744
next_corner: 102885552 51876448 0
outline_polyline: 25400 102885552 51876448
next_corner: 102909152 51813944 0
outline_polyline: 25400 102909152 51813944
next_corner: 102934752 51752248 0
outline_polyline: 25400 102934752 51752248
next_corner: 102962352 51690944 0
outline_polyline: 25400 102962352 51690944
next_corner: 102992448 51630048 0
outline_polyline: 25400 102992448 51630048
next_corner: 103024848 51569048 0
outline_polyline: 25400 103024848 51569048
next_corner: 103060048 51507944 0
outline_polyline: 25400 103060048 51507944
next_corner: 103098144 51446448 0
outline_polyline: 25400 103098144 51446448
next_corner: 103139552 51384448 0
outline_polyline: 25400 103139552 51384448
next_corner: 103212448 51281248 0
outline_polyline: 25400 103212448 51281248
next_corner: 103287456 51182344 0
outline_polyline: 25400 103287456 51182344
next_corner: 103364352 51087544 0
outline_polyline: 25400 103364352 51087544
next_corner: 103443648 50997248 0
outline_polyline: 25400 103443648 50997248
next_corner: 103525248 50910848 0
outline_polyline: 25400 103525248 50910848
next_corner: 103609552 50828848 0
outline_polyline: 25400 103609552 50828848
next_corner: 103696752 50750848 0
outline_polyline: 25400 103696752 50750848
next_corner: 103787152 50677048 0
outline_polyline: 25400 102143648 50858144
next_corner: 102433856 50612248 0
outline_polyline: 25400 102433856 50612248
next_corner: 102751856 50374144 0
outline_polyline: 25400 102751856 50374144
next_corner: 103095648 50146448 0
outline_polyline: 25400 103095648 50146448
next_corner: 103462656 49930944 0
outline_polyline: 25400 103462656 49930944
next_corner: 103850752 49730048 0
outline_polyline: 25400 103850752 49730048
next_corner: 104257552 49545944 0
outline_polyline: 25400 104257552 49545944
next_corner: 104680848 49380944 0
outline_polyline: 25400 104680848 49380944
next_corner: 105112656 49236448 0
outline_polyline: 25400 105112656 49236448
next_corner: 105545344 49113448 0
outline_polyline: 25400 105545344 49113448
next_corner: 105975552 49011744 0
outline_polyline: 25400 105975552 49011744
next_corner: 106400256 48932048 0
outline_polyline: 25400 106400256 48932048
next_corner: 106816048 48874144 0
outline_polyline: 25400 106816048 48874144
next_corner: 107220144 48838544 0
outline_polyline: 25400 107220144 48838544
next_corner: 107609152 48825344 0
outline_polyline: 25400 107609152 48825344
next_corner: 107980144 48834944 0
outline_polyline: 25400 107980144 48834944
next_corner: 108329648 48867248 0
outline_polyline: 25400 106932752 53276248
next_corner: 106420096 53479448 0
outline_polyline: 12700 106420096 53479448
next_corner: 106426448 53479448 0
outline_polyline: 25400 106426448 53479448
next_corner: 105994048 53623248 0
outline_polyline: 25400 105994048 53623248
next_corner: 105560752 53745048 0
outline_polyline: 25400 105560752 53745048
next_corner: 105129552 53844544 0
outline_polyline: 25400 105129552 53844544
next_corner: 104703744 53921944 0
outline_polyline: 25400 104703744 53921944
next_corner: 104286256 53976744 0
outline_polyline: 25400 104286256 53976744
next_corner: 103880544 54009144 0
outline_polyline: 25400 103880544 54009144
next_corner: 103489744 54018744 0
outline_polyline: 25400 103489744 54018744
next_corner: 103117152 54005744 0
outline_polyline: 25400 103117152 54005744
next_corner: 102765552 53969544 0
outline_polyline: 25400 102765552 53969544
next_corner: 102438656 53910544 0
outline_polyline: 25400 102438656 53910544
next_corner: 102139344 53828344 0
outline_polyline: 25400 102139344 53828344
next_corner: 101871056 53722944 0
outline_polyline: 25400 101871056 53722944
next_corner: 101636656 53593944 0
outline_polyline: 25400 101636656 53593944
next_corner: 101439552 53441648 0
outline_polyline: 25400 101439552 53441648
next_corner: 101282944 53265648 0
outline_polyline: 25400 101282944 53265648
next_corner: 101170048 53066144 0
outline_polyline: 25400 101170048 53066144
next_corner: 101104848 52847744 0
outline_polyline: 25400 101104848 52847744
next_corner: 101088544 52617544 0
outline_polyline: 25400 101088544 52617544
next_corner: 101118448 52377544 0
outline_polyline: 25400 101118448 52377544
next_corner: 101192656 52130248 0
outline_polyline: 25400 101192656 52130248
next_corner: 101308448 51877448 0
outline_polyline: 25400 101308448 51877448
next_corner: 101463856 51621848 0
outline_polyline: 25400 101463856 51621848
next_corner: 101656352 51365248 0
outline_polyline: 25400 101656352 51365248
next_corner: 101883856 51110048 0
outline_polyline: 25400 104018544 51834344
next_corner: 103998256 51882144 0
outline_polyline: 25400 103998256 51882144
next_corner: 103979952 51927744 0
outline_polyline: 25400 103979952 51927744
next_corner: 103963648 51970048 0
outline_polyline: 25400 103963648 51970048
next_corner: 103949952 52008448 0
outline_polyline: 25400 103949952 52008448
next_corner: 103938848 52041744 0
outline_polyline: 25400 103938848 52041744
next_corner: 103930944 52069344 0
outline_polyline: 25400 103930944 52069344
next_corner: 103924656 52094744 0
outline_polyline: 25400 103924656 52094744
next_corner: 103919152 52123248 0
outline_polyline: 25400 103919152 52123248
next_corner: 103914144 52154248 0
outline_polyline: 25400 103914144 52154248
next_corner: 103909952 52187544 0
outline_polyline: 25400 103909952 52187544
next_corner: 103906352 52222144 0
outline_polyline: 25400 103906352 52222144
next_corner: 103903856 52257944 0
outline_polyline: 25400 103903856 52257944
next_corner: 103902144 52294144 0
outline_polyline: 25400 103902144 52294144
next_corner: 103901744 52330448 0
outline_polyline: 25400 103901744 52330448
next_corner: 103902144 52366048 0
outline_polyline: 25400 103902144 52366048
next_corner: 103903952 52400544 0
outline_polyline: 25400 103903952 52400544
next_corner: 103906944 52433344 0
outline_polyline: 25400 103906944 52433344
next_corner: 103911552 52464144 0
outline_polyline: 25400 103911552 52464144
next_corner: 103917344 52492144 0
outline_polyline: 25400 103917344 52492144
next_corner: 103924848 52517144 0
outline_polyline: 25400 103924848 52517144
next_corner: 103933952 52538248 0
outline_polyline: 25400 103933952 52538248
next_corner: 103944944 52555248 0
outline_polyline: 25400 103944944 52555248
next_corner: 103957552 52569248 0
outline_polyline: 25400 103957552 52569248
next_corner: 103972352 52582144 0
outline_polyline: 25400 103972352 52582144
next_corner: 103989248 52594048 0
outline_polyline: 25400 103989248 52594048
next_corner: 104008256 52604848 0
outline_polyline: 25400 104008256 52604848
next_corner: 104029152 52614344 0
outline_polyline: 25400 104029152 52614344
next_corner: 104052352 52622744 0
outline_polyline: 25400 104052352 52622744
next_corner: 104077456 52629848 0
outline_polyline: 25400 104077456 52629848
next_corner: 104104752 52635848 0
outline_polyline: 25400 104104752 52635848
next_corner: 104133856 52640144 0
outline_polyline: 25400 104133856 52640144
next_corner: 104165152 52643344 0
outline_polyline: 25400 104165152 52643344
next_corner: 104198352 52645048 0
outline_polyline: 25400 104198352 52645048
next_corner: 104233856 52645448 0
outline_polyline: 25400 104233856 52645448
next_corner: 104271152 52644144 0
outline_polyline: 25400 104271152 52644144
next_corner: 104310656 52641544 0
outline_polyline: 25400 104310656 52641544
next_corner: 104352048 52637248 0
outline_polyline: 25400 104352048 52637248
next_corner: 105017152 52538144 0
outline_polyline: 25400 105017152 52538144
next_corner: 105417744 51001544 0
outline_polyline: 25400 105417744 51001544
next_corner: 104778256 51123544 0
outline_polyline: 25400 104778256 51123544
next_corner: 104730448 51134048 0
outline_polyline: 25400 104730448 51134048
next_corner: 104685648 51146944 0
outline_polyline: 25400 104685648 51146944
next_corner: 104643456 51161848 0
outline_polyline: 25400 104643456 51161848
next_corner: 104603952 51178744 0
outline_polyline: 25400 104603952 51178744
next_corner: 104566544 51196944 0
outline_polyline: 25400 104566544 51196944
next_corner: 104531552 51216648 0
outline_polyline: 25400 104531552 51216648
next_corner: 104498448 51237344 0
outline_polyline: 25400 104498448 51237344
next_corner: 104467248 51258944 0
outline_polyline: 25400 104467248 51258944
next_corner: 104437552 51280848 0
outline_polyline: 25400 104437552 51280848
next_corner: 104409344 51303048 0
outline_polyline: 25400 104409344 51303048
next_corner: 104382352 51325248 0
outline_polyline: 25400 104382352 51325248
next_corner: 104356752 51347448 0
outline_polyline: 25400 104356752 51347448
next_corner: 104331952 51368944 0
outline_polyline: 25400 104331952 51368944
next_corner: 104307952 51389848 0
outline_polyline: 25400 104307952 51389848
next_corner: 104284544 51409648 0
outline_polyline: 25400 104284544 51409648
next_corner: 104261648 51428248 0
outline_polyline: 25400 104261648 51428248
next_corner: 104238144 51449448 0
outline_polyline: 25400 104238144 51449448
next_corner: 104213856 51477448 0
outline_polyline: 25400 104213856 51477448
next_corner: 104188848 51511144 0
outline_polyline: 25400 104188848 51511144
next_corner: 104163552 51549944 0
outline_polyline: 25400 104163552 51549944
next_corner: 104137952 51592448 0
outline_polyline: 25400 104137952 51592448
next_corner: 104112656 51638248 0
outline_polyline: 25400 104112656 51638248
next_corner: 104087744 51686248 0
outline_polyline: 25400 104087744 51686248
next_corner: 104063648 51735648 0
outline_polyline: 25400 104063648 51735648
next_corner: 104040352 51785144 0
outline_polyline: 25400 104040352 51785144
next_corner: 104018544 51834344 0
outline_polyline: 12700 105816192 49428744
next_corner: 105816192 49428744 0
outline_polyline: 12700 104771904 51123544
next_corner: 104771904 51123544 0
outline_polyline: 12700 105963296 53260944
next_corner: 105963296 53260944 0
outline_polyline: 12700 106628992 53983848
next_corner: 106628992 53983848 0
outline_polyline: 25400 106628992 53983848
next_corner: 107212752 53756248 0
outline_polyline: 25400 108097152 49172048
next_corner: 108021552 49168248 0
outline_polyline: 25400 108021552 49168248
next_corner: 107945952 49165248 0
outline_polyline: 25400 107945952 49165248
next_corner: 107870352 49162848 0
outline_polyline: 25400 107870352 49162848
next_corner: 107794848 49161048 0
outline_polyline: 25400 107794848 49161048
next_corner: 107719248 49159848 0
outline_polyline: 25400 107719248 49159848
next_corner: 107643648 49159248 0
outline_polyline: 25400 107643648 49159248
next_corner: 107568048 49159248 0
outline_polyline: 25400 107568048 49159248
next_corner: 107492752 49160048 0
outline_polyline: 25400 107492752 49160048
next_corner: 107469248 49282144 0
outline_polyline: 25400 107469248 49282144
next_corner: 107445456 49404448 0
outline_polyline: 25400 107445456 49404448
next_corner: 107421344 49526544 0
outline_polyline: 25400 107421344 49526544
next_corner: 107396944 49648944 0
outline_polyline: 25400 107396944 49648944
next_corner: 107371952 49771144 0
outline_polyline: 25400 107371952 49771144
next_corner: 107346752 49893544 0
outline_polyline: 25400 107346752 49893544
next_corner: 107321056 50015944 0
outline_polyline: 25400 107321056 50015944
next_corner: 107295056 50138344 0
outline_polyline: 25400 107295056 50138344
next_corner: 107268352 50260448 0
outline_polyline: 25400 107268352 50260448
next_corner: 107241344 50382848 0
outline_polyline: 25400 107241344 50382848
next_corner: 107213856 50505048 0
outline_polyline: 25400 107213856 50505048
next_corner: 107185952 50627448 0
outline_polyline: 25400 107185952 50627448
next_corner: 107157344 50749544 0
outline_polyline: 25400 107157344 50749544
next_corner: 107128352 50871744 0
outline_polyline: 25400 107128352 50871744
next_corner: 107098752 50993848 0
outline_polyline: 25400 107098752 50993848
next_corner: 107068752 51116048 0
outline_polyline: 25400 107068752 51116048
next_corner: 107037856 51238448 0
outline_polyline: 25400 107037856 51238448
next_corner: 107006352 51360848 0
outline_polyline: 25400 107006352 51360848
next_corner: 106974352 51483248 0
outline_polyline: 25400 106974352 51483248
next_corner: 106941952 51605648 0
outline_polyline: 25400 106941952 51605648
next_corner: 106908848 51727848 0
outline_polyline: 25400 106908848 51727848
next_corner: 106875248 51850248 0
outline_polyline: 25400 106875248 51850248
next_corner: 106841248 51972648 0
outline_polyline: 25400 106841248 51972648
next_corner: 106806848 52095048 0
outline_polyline: 25400 106806848 52095048
next_corner: 106771744 52217144 0
outline_polyline: 25400 106771744 52217144
next_corner: 106736448 52339544 0
outline_polyline: 25400 106736448 52339544
next_corner: 106700656 52461744 0
outline_polyline: 25400 106700656 52461744
next_corner: 106664544 52584144 0
outline_polyline: 25400 106664544 52584144
next_corner: 106627856 52706448 0
outline_polyline: 25400 106627856 52706448
next_corner: 106590944 52828848 0
outline_polyline: 25400 106590944 52828848
next_corner: 106553648 52951248 0
outline_polyline: 25400 106553648 52951248
next_corner: 106516256 53073648 0
outline_polyline: 25400 106516256 53073648
next_corner: 106590048 53045248 0
outline_polyline: 25400 106590048 53045248
next_corner: 106664144 53016448 0
outline_polyline: 25400 106664144 53016448
next_corner: 106737952 52986848 0
outline_polyline: 25400 106737952 52986848
next_corner: 106812048 52956744 0
outline_polyline: 25400 106812048 52956744
next_corner: 106885856 52925744 0
outline_polyline: 25400 106885856 52925744
next_corner: 106959952 52894248 0
outline_polyline: 25400 106959952 52894248
next_corner: 107033952 52861848 0
outline_polyline: 25400 107033952 52861848
next_corner: 107108048 52828944 0
outline_polyline: 25400 107108048 52828944
next_corner: 107181856 52795048 0
outline_polyline: 25400 107181856 52795048
next_corner: 107255952 52760744 0
outline_polyline: 25400 107255952 52760744
next_corner: 107329744 52725448 0
outline_polyline: 25400 107329744 52725448
next_corner: 107403856 52689648 0
outline_polyline: 25400 107403856 52689648
next_corner: 107477648 52652944 0
outline_polyline: 25400 107477648 52652944
next_corner: 107551744 52615744 0
outline_polyline: 25400 107551744 52615744
next_corner: 107692752 52546248 0
outline_polyline: 12700 107692752 52546248
next_corner: 107693296 52538944 0
outline_polyline: 25400 107693296 52538944
next_corner: 107744656 52435144 0
outline_polyline: 25400 107744656 52435144
next_corner: 107788944 52331544 0
outline_polyline: 25400 107788944 52331544
next_corner: 107832352 52227944 0
outline_polyline: 25400 107832352 52227944
next_corner: 107875056 52124448 0
outline_polyline: 25400 107875056 52124448
next_corner: 107916656 52020944 0
outline_polyline: 25400 107916656 52020944
next_corner: 107957552 51917448 0
outline_polyline: 25400 107957552 51917448
next_corner: 107997552 51813944 0
outline_polyline: 25400 107997552 51813944
next_corner: 108036752 51710448 0
outline_polyline: 25400 108036752 51710448
next_corner: 108074848 51606648 0
outline_polyline: 25400 108074848 51606648
next_corner: 108112144 51503144 0
outline_polyline: 25400 108112144 51503144
next_corner: 108148544 51399544 0
outline_polyline: 25400 108148544 51399544
next_corner: 108184144 51296048 0
outline_polyline: 25400 108184144 51296048
next_corner: 108218752 51192248 0
outline_polyline: 25400 108218752 51192248
next_corner: 108252448 51088544 0
outline_polyline: 25400 108252448 51088544
next_corner: 108285248 50984744 0
outline_polyline: 25400 108285248 50984744
next_corner: 108317248 50881048 0
outline_polyline: 25400 108317248 50881048
next_corner: 108347744 50777648 0
outline_polyline: 25400 108347744 50777648
next_corner: 108377552 50674448 0
outline_polyline: 25400 108377552 50674448
next_corner: 108406448 50570944 0
outline_polyline: 25400 108406448 50570944
next_corner: 108434544 50467648 0
outline_polyline: 25400 108434544 50467648
next_corner: 108461456 50363944 0
outline_polyline: 25400 108461456 50363944
next_corner: 108487744 50260448 0
outline_polyline: 25400 108487744 50260448
next_corner: 108513056 50156744 0
outline_polyline: 25400 108513056 50156744
next_corner: 108537552 50053248 0
outline_polyline: 25400 108537552 50053248
next_corner: 108560944 49949448 0
outline_polyline: 25400 108560944 49949448
next_corner: 108583648 49845848 0
outline_polyline: 25400 108583648 49845848
next_corner: 108605344 49742048 0
outline_polyline: 25400 108605344 49742048
next_corner: 108626352 49638544 0
outline_polyline: 25400 108626352 49638544
next_corner: 108646256 49534744 0
outline_polyline: 25400 109783344 50952544
next_corner: 109629648 51211648 0
outline_polyline: 25400 109629648 51211648
next_corner: 109438848 51471648 0
outline_polyline: 25400 109438848 51471648
next_corner: 109213456 51730744 0
outline_polyline: 25400 109213456 51730744
next_corner: 108955248 51985944 0
outline_polyline: 25400 108955248 51985944
next_corner: 108666848 52235448 0
outline_polyline: 25400 108666848 52235448
next_corner: 108350448 52476744 0
outline_polyline: 25400 108350448 52476744
next_corner: 108008352 52707648 0
outline_polyline: 25400 108008352 52707648
next_corner: 107642448 52925448 0
outline_polyline: 25400 107642448 52925448
next_corner: 107255344 53128344 0
outline_polyline: 25400 107255344 53128344
next_corner: 106849248 53313648 0
outline_polyline: 25400 109804848 49555848
next_corner: 109917744 49755248 0
outline_polyline: 25400 109917744 49755248
next_corner: 109982848 49973848 0
outline_polyline: 25400 109982848 49973848
next_corner: 109999856 50205344 0
outline_polyline: 25400 109999856 50205344
next_corner: 109970656 50447048 0
outline_polyline: 25400 109970656 50447048
next_corner: 109897856 50697048 0
outline_polyline: 25400 108035648 53125344
next_corner: 108220352 52775944 0
outline_polyline: 25400 108220352 52775944
next_corner: 108390448 52429744 0
outline_polyline: 25400 108390448 52429744
next_corner: 108546256 52087344 0
outline_polyline: 25400 108546256 52087344
next_corner: 108687344 51749048 0
outline_polyline: 25400 108687344 51749048
next_corner: 108814352 51415744 0
outline_polyline: 25400 108814352 51415744
next_corner: 108927056 51087448 0
outline_polyline: 25400 108927056 51087448
next_corner: 109025744 50765144 0
outline_polyline: 25400 109025744 50765144
next_corner: 109110144 50448744 0
outline_polyline: 25400 109110144 50448744
next_corner: 109180848 50139248 0
outline_polyline: 25400 109180848 50139248
next_corner: 109237648 49836848 0
outline_polyline: 25400 109237648 49836848
next_corner: 109280848 49542344 0
outline_polyline: 25400 108574656 53053248
next_corner: 108983952 52781248 0
outline_polyline: 25400 108983952 52781248
next_corner: 109359056 52498144 0
outline_polyline: 25400 109359056 52498144
next_corner: 109697552 52206048 0
outline_polyline: 25400 109697552 52206048
next_corner: 109997648 51907344 0
outline_polyline: 25400 109997648 51907344
next_corner: 110256848 51603944 0
outline_polyline: 25400 110256848 51603944
next_corner: 110473344 51298544 0
outline_polyline: 25400 110473344 51298544
next_corner: 110644944 50993248 0
outline_polyline: 25400 110644944 50993248
next_corner: 110769648 50690344 0
outline_polyline: 25400 110769648 50690344
next_corner: 110845056 50391944 0
outline_polyline: 25400 110845056 50391944
next_corner: 110869456 50100544 0
outline_polyline: 25400 110869456 50100544
next_corner: 110840544 49818144 0
outline_polyline: 25400 110840544 49818144
next_corner: 110775856 49547344 0
outline_polyline: 25400 110775856 49547344
next_corner: 110851344 49778048 0
outline_polyline: 25400 110851344 49778048
next_corner: 110886144 50017544 0
outline_polyline: 25400 110886144 50017544
next_corner: 110881552 50264048 0
outline_polyline: 25400 110881552 50264048
next_corner: 110839056 50516448 0
outline_polyline: 25400 110839056 50516448
next_corner: 110759552 50772944 0
outline_polyline: 25400 110759552 50772944
next_corner: 110644848 51032544 0
outline_polyline: 25400 110644848 51032544
next_corner: 110495952 51293544 0
outline_polyline: 25400 110495952 51293544
next_corner: 110314256 51554744 0
outline_polyline: 25400 110314256 51554744
next_corner: 110100944 51814448 0
outline_polyline: 25400 110100944 51814448
next_corner: 109857552 52071544 0
outline_polyline: 25400 109857552 52071544
next_corner: 109585152 52324344 0
outline_polyline: 25400 109585152 52324344
next_corner: 109285344 52571848 0
outline_polyline: 25400 109285344 52571848
next_corner: 108959152 52812144 0
outline_polyline: 25400 108959152 52812144
next_corner: 108608144 53044248 0
outline_polyline: 300000 114300000 25494992
next_corner: 114300000 28034992 0
outline_polyline: 500000 21272496 16922496
next_corner: 31115000 16922496 0
outline_polyline: 500000 31115000 16922496
next_corner: 34925000 13112496 0
outline_polyline: 500000 34925000 13112496
next_corner: 45878752 13112496 0
outline_polyline: 1000000 76993744 51688744
next_corner: 91916256 51688744 0
outline_polyline: 1000000 91916256 51688744
next_corner: 98742496 44862496 0
outline_polyline: 1000000 98742496 44862496
next_corner: 98742496 37401248 0
outline_polyline: 1000000 98742496 37401248
next_corner: 98742500 37242496 0
outline_polyline: 300000 27940000 64388752
next_corner: 25082496 64388752 0
outline_polyline: 1000000 54451248 12953744
next_corner: 63658752 12953744 0
outline_polyline: 500000 66040000 27400000
next_corner: 65722496 27400000 0
outline_polyline: 500000 88741248 43116248
next_corner: 87243744 43116248 0
outline_polyline: 300000 105251248 33432496
next_corner: 103346256 33432496 0
outline_polyline: 500000 50800000 9143744
next_corner: 50164992 9143744 0
n_pins: 0
end