line: 2 0 7 300000
corner: 1 100617504 80737504 0 0 0 0 0 0
corner: 2 100617504 77403752 0 0 0 0 0 0
line: 2 0 7 300000
corner: 1 100617504 77403752 0 0 0 0 0 0
corner: 2 99823752 78197504 0 0 0 0 0 0
line: 2 0 7 300000
corner: 1 100617504 77403752 0 0 0 0 0 0
corner: 2 101411248 78197504 0 0 0 0 0 0
line: 2 0 7 300000
corner: 1 172561248 87153752 0 0 0 0 0 0
corner: 2 173513744 86201248 0 0 0 0 0 0
line: 2 0 7 300000
corner: 1 173513744 86201248 0 0 0 0 0 0
corner: 2 173513744 89693752 0 0 0 0 0 0
line: 2 0 7 300000
corner: 1 173513744 86201248 0 0 0 0 0 0
corner: 2 174466256 87153752 0 0 0 0 0 0
line: 2 0 7 300000
corner: 1 171291248 110490000 0 0 0 0 0 0
corner: 2 172243744 111442496 0 0 0 0 0 0
line: 2 0 7 300000
corner: 1 172243744 111442496 0 0 0 0 0 0
corner: 2 173196256 110490000 0 0 0 0 0 0
line: 2 0 7 300000
corner: 1 172243744 111442496 0 0 0 0 0 0
corner: 2 172243744 107950000 0 0 0 0 0 0
line: 2 0 7 300000
corner: 1 186055008 93980000 0 0 0 0 0 0
corner: 2 186055008 92710000 0 0 0 0 0 0
line: 2 0 7 300000
corner: 1 184626256 91916248 0 0 0 0 0 0
corner: 2 184626256 91916248 0 0 0 0 0 0
line: 2 0 7 300000
corner: 1 91647368 77194640 0 0 0 0 0 0
corner: 2 91513168 77083024 0 0 0 0 0 0
line: 2 0 8 200000
corner: 1 128428752 111442496 0 0 0 0 0 0
corner: 2 128428752 109855000 0 0 0 0 0 0
line: 2 0 8 200000
corner: 1 127317504 109855000 0 0 0 0 0 0
corner: 2 129540000 109855000 0 0 0 0 0 0
line: 2 0 7 100000
corner: 1 151410000 132417496 0 0 0 0 0 0
corner: 2 146360000 132417496 0 0 0 0 0 0
line: 2 0 7 100000
corner: 1 146360000 132417496 0 0 0 0 0 0
corner: 2 146360000 112417504 0 0 0 0 0 0
line: 2 0 7 100000
corner: 1 146360000 112417504 0 0 0 0 0 0
corner: 2 198360000 112417504 0 0 0 0 0 0
line: 2 0 7 100000
corner: 1 198360000 112417504 0 0 0 0 0 0
corner: 2 198360000 132417496 0 0 0 0 0 0
line: 2 0 7 100000
corner: 1 198360000 132417496 0 0 0 0 0 0
corner: 2 193310000 132417496 0 0 0 0 0 0
line: 2 0 7 100000
corner: 1 193310000 132417496 0 0 0 0 0 0
corner: 2 193310000 140417504 0 0 0 0 0 0
line: 2 0 7 100000
corner: 1 193310000 140417504 0 0 0 0 0 0
corner: 2 151410000 140417504 0 0 0 0 0 0
line: 2 0 7 100000
corner: 1 151410000 140417504 0 0 0 0 0 0
corner: 2 151410000 132417496 0 0 0 0 0 0
line: 2 0 7 100000
corner: 1 176160000 99517504 0 0 0 0 0 0
corner: 2 176160000 99517504 0 0 0 0 0 0
line: 2 0 7 200000
corner: 1 86360000 102552496 0 0 0 0 0 0
corner: 2 127635000 102552496 0 0 0 0 0 0
line: 2 0 7 200000
corner: 1 127635000 102552496 0 0 0 0 0 0
corner: 2 127635000 142557504 0 0 0 0 0 0
line: 2 0 7 100000
corner: 1 194860000 134517504 0 0 0 0 0 0
corner: 2 194860000 134517504 0 0 0 0 0 0
line: 2 0 7 150000
corner: 1 114776248 81137504 0 0 0 0 0 0
corner: 2 114776248 81137504 0 0 0 0 0 0
line: 2 0 7 150000
corner: 1 101441248 81137504 0 0 0 0 0 0
corner: 2 101441248 81137504 0 0 0 0 0 0
line: 2 0 7 100000
corner: 1 128860000 136517504 0 0 0 0 0 0
corner: 2 128860000 136517504 0 0 0 0 0 0
line: 2 0 7 100000
corner: 1 194860000 82517504 0 0 0 0 0 0
corner: 2 194860000 82517504 0 0 0 0 0 0
line: 2 0 8 100000
corner: 1 176160000 99517504 0 0 0 0 0 0
corner: 2 176160000 99517504 0 0 0 0 0 0
line: 2 0 8 100000
corner: 1 194860000 134517504 0 0 0 0 0 0
corner: 2 194860000 134517504 0 0 0 0 0 0
line: 2 0 8 100000
corner: 1 128860000 136517504 0 0 0 0 0 0
corner: 2 128860000 136517504 0 0 0 0 0 0
line: 2 0 8 100000
corner: 1 194860000 82517504 0 0 0 0 0 0
corner: 2 194860000 82517504 0 0 0 0 0 0
end
