net: "Unconnected_Area."
net: "+3V"
pin: 1 FreePad__40.1
pin: 2 FreePad__43.1
pin: 3 FreePad__56.1
pin: 4 DA2.1
pin: 5 DA2.6
pin: 6 L1.2
pin: 7 DA1.4
pin: 8 DA1.5
pin: 9 DA30.8
pin: 10 C1.1
pin: 11 C23.1
pin: 12 C13.1
pin: 13 DA20.8
pin: 14 DA10.8
pin: 15 C2.2
pin: 16 C33.1
pin: 17 C6.1
pin: 18 L1*.2
connect: 36 8 15 4 0
vtx: 1 294163970 306069669 12 0 0 0 0
seg: 1 12 254000 0 0
vtx: 2 294163744 306070016 0 0 0 0 0
seg: 2 12 500000 0 0
vtx: 3 295433760 306070016 0 0 0 0 0
seg: 3 12 500000 0 0
vtx: 4 296068736 306704992 0 0 0 0 0
seg: 4 12 254000 0 0
vtx: 5 296255000 306863964 12 0 0 0 0
connect: 37 15 2 7 0
vtx: 1 296255000 306863964 12 0 0 0 0
seg: 1 12 254000 0 0
vtx: 2 296386240 307022496 0 0 0 0 0
seg: 2 12 500000 0 0
vtx: 3 296386240 307657504 0 0 0 0 0
seg: 3 12 500000 0 0
vtx: 4 296862496 308133760 0 0 0 0 0
seg: 4 12 500000 0 0
vtx: 5 311943744 308133760 0 0 0 0 0
seg: 5 12 500000 0 0
vtx: 6 314642496 305435008 0 0 0 0 0
seg: 6 12 500000 0 0
vtx: 7 315753760 305435008 0 0 0 0 0
seg: 7 12 254000 0 0
vtx: 8 315753750 305435000 12 0 0 0 0
connect: 40 12 10 4 0
vtx: 1 294163970 316864669 12 0 0 0 0
seg: 1 12 254000 0 0
vtx: 2 294163744 316864992 0 0 0 0 0
seg: 2 12 500000 0 0
vtx: 3 295433760 316864992 0 0 0 0 0
seg: 3 12 500000 0 0
vtx: 4 296068736 317500000 0 0 0 0 0
seg: 4 12 254000 0 0
vtx: 5 296255000 317658964 12 0 0 0 0
connect: 43 10 4 14 0
vtx: 1 296255000 317658964 12 0 0 0 0
seg: 1 12 254000 0 0
vtx: 2 296386240 317817504 0 0 0 0 0
seg: 2 12 500000 0 0
vtx: 3 296386240 318452512 0 0 0 0 0
seg: 3 12 500000 0 0
vtx: 4 296862496 318928736 0 0 0 0 0
seg: 4 12 500000 0 0
vtx: 5 299402496 318928736 0 0 0 0 0
seg: 5 12 500000 0 0
vtx: 6 300037504 318293760 0 0 0 0 0
seg: 6 12 500000 0 0
vtx: 7 300037504 316071264 0 0 0 0 0
seg: 7 12 500000 0 0
vtx: 8 304482496 311626240 0 0 0 0 0
seg: 8 12 500000 0 0
vtx: 9 304958752 311626240 0 0 0 0 05001
seg: 9 12 400000 0 0
vtx: 10 304958752 315912512 0 0 0 0 0
seg: 10 12 400000 0 0
vtx: 11 305435008 316388736 0 0 0 0 0
seg: 11 12 400000 0 0
vtx: 12 306684992 316388736 0 0 0 0 0
seg: 12 12 300000 0 0
vtx: 13 307380000 315693760 0 0 0 0 0
seg: 13 12 300000 0 0
vtx: 14 308098752 315693760 0 0 0 0 0
seg: 14 12 254000 0 0
vtx: 15 308056163 315685892 12 0 0 0 0
connect: 48 1 11 7 0
vtx: 1 315753750 323215000 12 0 0 0 0
seg: 1 12 254000 0 0
vtx: 2 315595008 323056256 0 0 0 0 0
seg: 2 12 500000 0 0
vtx: 3 306546240 323056256 0 0 0 0 0
seg: 3 12 500000 0 0
vtx: 4 299878752 329723744 0 0 0 0 0
seg: 4 12 500000 0 0
vtx: 5 296862496 329723744 0 0 0 0 0
seg: 5 12 500000 0 0
vtx: 6 296386240 329247488 0 0 0 0 0
seg: 6 12 500000 0 0
vtx: 7 296386240 328612512 0 0 0 0 0
seg: 7 12 254000 0 0
vtx: 8 296255000 328453964 12 0 0 0 0
connect: 66 3 16 3 0
vtx: 1 310116336 314686369 12 0 0 0 0
seg: 1 12 254000 0 0
vtx: 2 310022496 314642496 0 0 0 0 0
seg: 2 12 300000 0 0
vtx: 3 308609984 313230016 0 0 0 0 0
seg: 3 12 254000 0 0
vtx: 4 308478750 313055214 12 0 0 0 0
connect: 70 9 14 3 0
vtx: 1 312923750 295116464 12 0 0 0 0
seg: 1 12 254000 0 0
vtx: 2 312896256 295088736 0 0 0 0 0
seg: 2 12 500000 0 0
vtx: 3 312896256 293369984 0 0 0 0 0
seg: 3 12 254000 0 0
vtx: 4 312923750 293528535 12 0 0 0 0
connect: 71 9 2 7 0
vtx: 1 312923750 295116464 12 0 0 0 0
seg: 1 12 254000 0 0
vtx: 2 312578752 295275008 0 0 0 0 0
seg: 2 12 500000 0 0
vtx: 3 314642496 297338752 0 0 0 0 0
seg: 3 12 500000 0 0
vtx: 4 315912512 297338752 0 0 0 0 0
seg: 4 12 500000 0 0
vtx: 5 317182496 298608736 0 0 0 0 0
seg: 5 12 500000 0 0
vtx: 6 317182496 304006240 0 0 0 0 0
seg: 6 12 500000 0 0
vtx: 7 315753760 305435008 0 0 0 0 0
seg: 7 12 254000 0 0
vtx: 8 315753750 305435000 12 0 0 0 0
connect: 73 2 0 5 0
vtx: 1 315753750 305435000 12 0 0 0 0
seg: 1 12 254000 0 0
vtx: 2 315753760 305435008 0 0 0 0 0
seg: 2 12 500000 0 0
vtx: 3 317182496 306863744 0 0 0 0 0
seg: 3 12 500000 0 0
vtx: 4 317182496 314324992 0 0 0 0 0
seg: 4 12 500000 0 0
vtx: 5 315753760 314324992 0 0 0 0 0
seg: 5 12 254000 0 0
vtx: 6 315753750 314325000 12 0 0 0 0
connect: 74 1 -1 4 0
vtx: 1 315753750 323215000 0 0 0 0 0
seg: 1 12 254000 0 0
vtx: 2 315753760 323215008 0 0 0 0 0
seg: 2 12 500000 0 0
vtx: 3 317182496 321786240 0 0 0 0 0
seg: 3 12 500000 0 0
vtx: 4 317182496 314324992 0 0 0 0 0
seg: 4 12 254000 0 0
vtx: 5 317182496 314324992 0 0 0 0 05012
connect: 82 11 13 4 0
vtx: 1 296255000 328453964 12 0 0 0 0
seg: 1 12 254000 0 0
vtx: 2 296068736 328295008 0 0 0 0 0
seg: 2 12 500000 0 0
vtx: 3 295433760 327660000 0 0 0 0 0
seg: 3 12 500000 0 0
vtx: 4 294163744 327660000 0 0 0 0 0
seg: 4 12 254000 0 0
vtx: 5 294163970 327659669 12 0 0 0 0
connect: 85 16 -1 4 0
vtx: 1 308478750 313055214 0 0 0 0 0
seg: 1 12 254000 0 0
vtx: 2 308451264 312737504 0 0 0 0 0
seg: 2 12 1000000 0 0
vtx: 3 308451264 311626240 0 0 0 0 05005
seg: 3 12 500000 0 0
vtx: 4 304958752 311626240 0 0 0 0 0
seg: 4 12 254000 0 0
vtx: 5 304958752 311626240 0 0 0 0 05001
connect: 96 0 -1 4 0
vtx: 1 315753750 314325000 12 0 0 0 0
seg: 1 12 254000 0 0
vtx: 2 315595008 314324992 0 0 0 0 0
seg: 2 12 1000000 0 0
vtx: 3 312896256 311626240 0 0 0 0 0
seg: 3 12 1000000 0 0
vtx: 4 308451264 311626240 0 0 0 0 0
seg: 4 12 254000 0 0
vtx: 5 308451264 311626240 0 0 0 0 05005
area: 1 8 12 0
corner: 1 310941577 295783721 0 0
corner: 2 310941577 295783721 0 0
corner: 3 309525913 294371165 0 0
corner: 4 309525913 294371165 0 0
corner: 5 310408722 293486208 0 0
corner: 6 310408722 293486208 0 0
corner: 7 311824713 294898437 0 0
corner: 8 311824713 294898437 0 1
area: 1 15 12 0
corner: 1 302763980 292914370 0 0
corner: 2 311603920 292914370 0 0
corner: 3 311707620 292893750 0 0
corner: 4 312896250 292893750 0 0
corner: 5 312896250 296862500 0 0
corner: 6 310515000 296862500 0 0
corner: 7 310515000 295751250 0 0
corner: 8 309086250 294322500 0 0
corner: 9 304641250 294322500 0 0
corner: 10 304482500 294163750 0 0
corner: 11 304049800 294163750 0 0
corner: 12 304006250 294145710 0 0
corner: 13 303035710 294145710 0 0
corner: 14 302736250 293846250 0 0
corner: 15 302736250 292919890 0 1
net: "NET00000"
pin: 1 L1.1
pin: 2 VD1.2
pin: 3 DA1.1
pin: 4 L1*.1
area: 1 8 12 0
corner: 1 306707502 297193032 0 0
corner: 2 306707502 297193032 0 0
corner: 3 308122840 298605915 0 0
corner: 4 308122840 298605915 0 0
corner: 5 307239826 299490668 0 0
corner: 6 307239826 299490668 0 0
corner: 7 305824161 298078112 0 0
corner: 8 305824161 298078112 0 1
area: 1 13 12 0
corner: 1 307975000 301148750 0 0
corner: 2 307975000 300831250 0 0
corner: 3 307498750 300831250 0 0
corner: 4 307498750 299561250 0 0
corner: 5 306546250 299561250 0 0
corner: 6 304800000 297815000 0 0
corner: 7 304800000 294798750 0 0
corner: 8 308768750 294798750 0 0
corner: 9 308768750 297656250 0 0
corner: 10 310038750 298926250 0 0
corner: 11 310038750 300831250 0 0
corner: 12 309086250 300831250 0 0
corner: 13 309086250 301148750 0 1
net: "+12V"
pin: 1 FreePad__59.1
pin: 2 VD1.1
pin: 3 R1.2
pin: 4 C4.2
pin: 5 C3.2
connect: 51 2 4 3 0
vtx: 1 299878402 298973749 12 0 0 0 0
seg: 1 12 254000 0 0
vtx: 2 299878752 299084992 0 0 0 0 0
seg: 2 12 1000000 0 0
vtx: 3 301466240 299084992 0 0 0 0 0
seg: 3 12 254000 0 0
vtx: 4 301465928 298898749 12 0 0 0 0
connect: 52 4 3 3 0
vtx: 1 301465928 298898749 12 0 0 0 0
seg: 1 12 254000 0 0
vtx: 2 301466240 299084992 0 0 0 0 0
seg: 2 12 1000000 0 0
vtx: 3 302577504 300196256 0 0 0 0 0
seg: 3 12 254000 0 0
vtx: 4 303212178 300168749 12 0 0 0 0
connect: 53 0 2 8 0
vtx: 1 273843750 302418750 12 0 0 0 0
seg: 1 12 254000 0 0
vtx: 2 273843744 302418752 0 0 0 0 0
seg: 2 12 1000000 0 0
vtx: 3 273843744 299720000 0 0 0 0 0
seg: 3 12 1000000 0 0
vtx: 4 279241248 294322496 0 0 0 0 0
seg: 4 12 1000000 0 0
vtx: 5 293528736 294322496 0 0 0 0 0
seg: 5 12 1000000 0 0
vtx: 6 297497504 298291264 0 0 0 0 0
seg: 6 12 1000000 0 0
vtx: 7 299084992 298291264 0 0 0 0 0
seg: 7 12 1000000 0 0
vtx: 8 299878752 299084992 0 0 0 0 0
seg: 8 12 254000 0 0
vtx: 9 299878402 298973749 12 0 0 0 0
connect: 87 3 1 3 0
vtx: 1 303212178 300168749 12 0 0 0 0
seg: 1 12 254000 0 0
vtx: 2 303212512 300355008 0 0 0 0 0
seg: 2 12 1000000 0 0
vtx: 3 304958752 300355008 0 0 0 0 0
seg: 3 12 254000 0 0
vtx: 4 305117500 300514154 12 0 0 0 0
net: "NET00001"
pin: 1 DA1.3
pin: 2 R1.1
pin: 3 R2.2
pin: 4 C3.1
pin: 5 R3.2
area: 1 8 12 0
corner: 1 302278880 295573620 0 0
corner: 2 302756430 295771430 0 0
corner: 3 303212500 296227500 0 0
corner: 4 302895000 296703750 0 0
corner: 5 302418750 297180000 0 0
corner: 6 299561250 297180000 0 0
corner: 7 299561250 295433750 0 0
corner: 8 302220940 295433750 0 1
net: "NET00004"
pin: 1 C12.1
pin: 2 DA10.1
pin: 3 C11.2
pin: 4 R13.2
pin: 5 R11.2
connect: 13 0 4 3 0
vtx: 1 281622607 326576250 12 0 0 0 0
seg: 1 12 254000 0 0
vtx: 2 281622496 326548736 0 0 0 0 0
seg: 2 12 400000 0 0
vtx: 3 280035008 326548736 0 0 0 0 0
seg: 3 12 254000 0 0
vtx: 4 279923750 326707500 12 0 0 0 0
connect: 28 1 2 7 0
vtx: 1 288448970 327660330 12 0 0 0 0
seg: 1 12 254000 0 0
vtx: 2 287813760 327660000 0 0 0 0 0
seg: 2 12 400000 0 0
vtx: 3 284956256 327660000 0 0 0 0 0
seg: 3 12 400000 0 0
vtx: 4 284638752 327342496 0 0 0 0 0
seg: 4 12 400000 0 0
vtx: 5 284638752 326707488 0 0 0 0 0
seg: 5 12 400000 0 0
vtx: 6 284162496 326231264 0 0 0 0 0
seg: 6 12 400000 0 0
vtx: 7 284003744 326231264 0 0 0 0 0
seg: 7 12 254000 0 0
vtx: 8 283368428 326521249 12 0 0 0 0
connect: 79 2 3 3 0
vtx: 1 283368428 326521249 12 0 0 0 0
seg: 1 12 254000 0 0
vtx: 2 283368736 326548736 0 0 0 0 0
seg: 2 12 400000 0 0
vtx: 3 283368736 327929984 0 0 0 0 0
seg: 3 12 254000 0 0
vtx: 4 283368865 327930000 12 0 0 0 0
connect: 81 1 -1 2 0
vtx: 1 288448970 327660330 12 0 0 0 0
seg: 1 12 254000 0 0
vtx: 2 287645664 327669344 0 0 0 0 0
seg: 2 12 300000 0 0
vtx: 3 286702496 328612512 0 0 0 0 0
connect: 91 2 0 3 0
vtx: 1 283368428 326521249 12 0 0 0 0
seg: 1 12 254000 0 0
vtx: 2 283368736 326548736 0 0 0 0 0
seg: 2 12 400000 0 0
vtx: 3 281622496 326548736 0 0 0 0 0
seg: 3 12 254000 0 0
vtx: 4 281622607 326576250 12 0 0 0 0
net: "NET00005"
pin: 1 DA10.4
pin: 2 C10.2
pin: 3 C11.1
pin: 4 R12.1
pin: 5 R10.2
connect: 14 1 4 3 0
vtx: 1 281622178 324616249 12 0 0 0 0
seg: 1 12 254000 0 0
vtx: 2 281622496 324643744 0 0 0 0 0
seg: 2 12 400000 0 0
vtx: 3 279876256 324643744 0 0 0 0 0
seg: 3 12 254000 0 0
vtx: 4 279923750 324485000 12 0 0 0 0
connect: 27 3 2 3 0
vtx: 1 283368865 323262499 12 0 0 0 0
seg: 1 12 254000 0 0
vtx: 2 283368736 323262496 0 0 0 0 0
seg: 2 12 400000 0 0
vtx: 3 283368736 324643744 0 0 0 0 0
seg: 3 12 254000 0 0
vtx: 4 283368857 324671250 12 0 0 0 0
connect: 29 0 2 7 0
vtx: 1 288448088 323850991 12 0 0 0 0
seg: 1 12 254000 0 0
vtx: 2 288448736 323849984 0 0 0 0 0
seg: 2 12 400000 0 0
vtx: 3 284956256 323849984 0 0 0 0 0
seg: 3 12 400000 0 0
vtx: 4 284638752 324167488 0 0 0 0 0
seg: 4 12 400000 0 0
vtx: 5 284638752 324484992 0 0 0 0 0
seg: 5 12 400000 0 0
vtx: 6 284162496 324961248 0 0 0 0 0
seg: 6 12 400000 0 0
vtx: 7 283527488 324961248 0 0 0 0 0
seg: 7 12 254000 0 0
vtx: 8 283368857 324671250 12 0 0 0 0
connect: 92 2 1 3 0
vtx: 1 283368857 324671250 12 0 0 0 0
seg: 1 12 254000 0 0
vtx: 2 283368736 324643744 0 0 0 0 0
seg: 2 12 400000 0 0
vtx: 3 281622496 324643744 0 0 0 0 0
seg: 3 12 254000 0 0
vtx: 4 281622178 324616249 12 0 0 0 0
net: "NET00006"
pin: 1 FreePad__74.1
pin: 2 R10.1
connect: 16 0 1 6 0
vtx: 1 273843750 320198750 12 0 0 0 0
seg: 1 12 254000 0 0
vtx: 2 273843744 320198752 0 0 0 0 0
seg: 2 12 400000 0 0
vtx: 3 276860000 323215008 0 0 0 0 0
seg: 3 12 400000 0 0
vtx: 4 276860000 324167488 0 0 0 0 0
seg: 4 12 400000 0 0
vtx: 5 277177504 324484992 0 0 0 0 0
seg: 5 12 400000 0 0
vtx: 6 277923744 324484992 0 0 0 0 0
seg: 6 12 254000 0 0
vtx: 7 277923750 324485231 12 0 0 0 0
net: "NET00007"
pin: 1 FreePad__63.1
pin: 2 R11.1
connect: 15 1 -1 3 0
vtx: 1 277923750 326707731 0 0 0 0 0
seg: 1 12 254000 0 0
vtx: 2 277923744 326707488 0 0 0 0 0
seg: 2 12 400000 0 0
vtx: 3 277177504 326707488 0 0 0 0 0
seg: 3 12 400000 0 0
vtx: 4 273843744 323373760 0 0 0 0 0
net: "NET00008"
pin: 1 FreePad__44.1
pin: 2 DA10.7
pin: 3 R15.1
connect: 44 1 2 5 0
vtx: 1 294163823 326389669 12 0 0 0 0
seg: 1 12 254000 0 0
vtx: 2 294163744 326390016 0 0 0 0 0
seg: 2 12 500000 0 0
vtx: 3 295592512 326390016 0 0 0 0 0
seg: 3 12 500000 0 0
vtx: 4 296068736 326866240 0 0 0 0 0
seg: 4 12 500000 0 0
vtx: 5 296227488 326866240 0 0 0 0 0
seg: 5 12 254000 0 0
vtx: 6 296862615 326913749 12 0 0 0 0
connect: 75 2 0 6 0
vtx: 1 296862615 326913749 12 0 0 0 0
seg: 1 12 254000 0 0
vtx: 2 296703744 326866240 0 0 0 0 0
seg: 2 12 500000 0 0
vtx: 3 300990016 326866240 0 0 0 0 0
seg: 3 12 500000 0 0
vtx: 4 305752512 322103744 0 0 0 0 0
seg: 4 12 500000 0 0
vtx: 5 314801248 322103744 0 0 0 0 0
seg: 5 12 500000 0 0
vtx: 6 315753760 321151264 0 0 0 0 0
seg: 6 12 254000 0 0
vtx: 7 315753750 321151250 12 0 0 0 0
net: "NET00009"
pin: 1 DA20.2
pin: 2 R24.1
connect: 23 0 1 3 0
vtx: 1 288448823 315595330 12 0 0 0 0
seg: 1 12 254000 0 0
vtx: 2 288448736 315595008 0 0 0 0 0
seg: 2 12 500000 0 0
vtx: 3 286226240 315595008 0 0 0 0 0
seg: 3 12 254000 0 0
vtx: 4 286226365 315959999 12 0 0 0 0
net: "NET00015"
pin: 1 FreePad__62.1
pin: 2 R21.1
connect: 11 1 0 5 0
vtx: 1 277923750 315912731 12 0 0 0 0
seg: 1 12 254000 0 0
vtx: 2 277923744 315912512 0 0 0 0 0
seg: 2 12 400000 0 0
vtx: 3 277177504 315912512 0 0 0 0 0
seg: 3 12 400000 0 0
vtx: 4 275431264 317658752 0 0 0 0 0
seg: 4 12 400000 0 0
vtx: 5 274320000 317658752 0 0 0 0 0
seg: 5 12 254000 0 0
vtx: 6 273843750 317658750 12 0 0 0 0
net: "NET00010"
pin: 1 DA20.3
pin: 2 R24.2
connect: 24 0 1 3 0
vtx: 1 288448529 314325991 12 0 0 0 0
seg: 1 12 254000 0 0
vtx: 2 288448736 314324992 0 0 0 0 0
seg: 2 12 500000 0 0
vtx: 3 286226240 314324992 0 0 0 0 0
seg: 3 12 254000 0 0
vtx: 4 286226365 313960000 12 0 0 0 0
net: "NET00026"
pin: 1 DA2.7
pin: 2 C5.2
connect: 62 0 1 3 0
vtx: 1 308056278 315186130 12 0 0 0 0
seg: 1 12 254000 0 0
vtx: 2 308015008 315187488 0 0 0 0 0
seg: 2 12 280000 0 0
vtx: 3 306070016 315187488 0 0 0 0 0
seg: 3 12 254000 0 0
vtx: 4 306069678 315249999 12 0 0 0 0
net: "NET00020"
pin: 1 C32.1
pin: 2 DA30.1
pin: 3 C31.2
pin: 4 R31.2
pin: 5 R33.2
connect: 21 2 1 7 0
vtx: 1 283368428 304931249 12 0 0 0 0
seg: 1 12 254000 0 0
vtx: 2 284003744 304641248 0 0 0 0 0
seg: 2 12 400000 0 0
vtx: 3 284162496 304641248 0 0 0 0 0
seg: 3 12 400000 0 0
vtx: 4 284638752 305117504 0 0 0 0 0
seg: 4 12 400000 0 0
vtx: 5 284638752 305752512 0 0 0 0 0
seg: 5 12 400000 0 0
vtx: 6 284956256 306070016 0 0 0 0 0
seg: 6 12 400000 0 0
vtx: 7 287813760 306070016 0 0 0 0 0
seg: 7 12 254000 0 0
vtx: 8 288448970 306070330 12 0 0 0 0
connect: 76 0 3 3 0
vtx: 1 281622607 304986250 12 0 0 0 0
seg: 1 12 254000 0 0
vtx: 2 281622496 304958752 0 0 0 0 0
seg: 2 12 400000 0 0
vtx: 3 280035008 304958752 0 0 0 0 0
seg: 3 12 254000 0 0
vtx: 4 279923750 305117500 12 0 0 0 0
connect: 77 2 4 3 0
vtx: 1 283368428 304931249 12 0 0 0 0
seg: 1 12 254000 0 0
vtx: 2 283368736 304958752 0 0 0 0 0
seg: 2 12 400000 0 0
vtx: 3 283368736 306340000 0 0 0 0 0
seg: 3 12 254000 0 0
vtx: 4 283368865 306340000 12 0 0 0 0
connect: 95 2 0 3 0
vtx: 1 283368428 304931249 12 0 0 0 0
seg: 1 12 254000 0 0
vtx: 2 283368736 304958752 0 0 0 0 0
seg: 2 12 400000 0 0
vtx: 3 281622496 304958752 0 0 0 0 0
seg: 3 12 254000 0 0
vtx: 4 281622607 304986250 12 0 0 0 0
net: "NET00021"
pin: 1 DA30.4
pin: 2 C30.2
pin: 3 C31.1
pin: 4 R32.1
pin: 5 R30.2
connect: 3 1 4 3 0
vtx: 1 281622178 303026249 12 0 0 0 0
seg: 1 12 254000 0 0
vtx: 2 281622496 303053760 0 0 0 0 0
seg: 2 12 400000 0 0
vtx: 3 279876256 303053760 0 0 0 0 0
seg: 3 12 254000 0 0
vtx: 4 279923750 302895000 12 0 0 0 0
connect: 18 3 2 3 0
vtx: 1 283368865 301672499 12 0 0 0 0
seg: 1 12 254000 0 0
vtx: 2 283368736 301672512 0 0 0 0 0
seg: 2 12 400000 0 0
vtx: 3 283368736 303053760 0 0 0 0 0
seg: 3 12 254000 0 0
vtx: 4 283368857 303081250 12 0 0 0 0
connect: 20 2 0 7 0
vtx: 1 283368857 303081250 12 0 0 0 0
seg: 1 12 254000 0 0
vtx: 2 283527488 303371264 0 0 0 0 0
seg: 2 12 400000 0 0
vtx: 3 284162496 303371264 0 0 0 0 0
seg: 3 12 400000 0 0
vtx: 4 284638752 302895008 0 0 0 0 0
seg: 4 12 400000 0 0
vtx: 5 284638752 302577504 0 0 0 0 0
seg: 5 12 400000 0 0
vtx: 6 284956256 302260000 0 0 0 0 0
seg: 6 12 400000 0 0
vtx: 7 288448736 302260000 0 0 0 0 0
seg: 7 12 254000 0 0
vtx: 8 288448088 302260991 12 0 0 0 0
connect: 86 2 1 3 0
vtx: 1 283368857 303081250 12 0 0 0 0
seg: 1 12 254000 0 0
vtx: 2 283368736 303053760 0 0 0 0 0
seg: 2 12 400000 0 0
vtx: 3 281622496 303053760 0 0 0 0 0
seg: 3 12 254000 0 0
vtx: 4 281622178 303026249 12 0 0 0 0
net: "NET00025"
pin: 1 DA2.8
pin: 2 C5.1
connect: 59 0 1 4 0
vtx: 1 308056336 314686130 12 0 0 0 0
seg: 1 12 254000 0 0
vtx: 2 308106240 314686240 0 0 0 0 0
seg: 2 12 300000 0 0
vtx: 3 307110016 313689984 0 0 0 0 0
seg: 3 12 300000 0 0
vtx: 4 306070016 313689984 0 0 0 0 0
seg: 4 12 254000 0 0
vtx: 5 306070107 313400000 12 0 0 0 0
net: "NET00019"
pin: 1 DA2.3
pin: 2 C7.2
connect: 65 0 1 3 0
vtx: 1 310116278 315686130 12 0 0 0 0
seg: 1 12 254000 0 0
vtx: 2 310133760 315683744 0 0 0 0 0
seg: 2 12 280000 0 0
vtx: 3 311784992 315683744 0 0 0 0 0
seg: 3 12 254000 0 0
vtx: 4 311784678 316043749 12 0 0 0 0
net: "NET00011"
pin: 1 DA2.5
pin: 2 R4.1
pin: 3 R5.1
connect: 63 2 1 3 0
vtx: 1 306498750 317658981 12 0 0 0 0
seg: 1 12 254000 0 0
vtx: 2 306546240 317706240 0 0 0 0 0
seg: 2 12 500000 0 0
vtx: 3 306546240 319563744 0 0 0 0 0
seg: 3 12 254000 0 0
vtx: 4 306498750 319405231 12 0 0 0 0
connect: 68 2 0 4 0
vtx: 1 306498750 317658981 12 0 0 0 0
seg: 1 12 254000 0 0
vtx: 2 306704992 317658752 0 0 0 0 0
seg: 2 12 300000 0 0
vtx: 3 307816256 316547488 0 0 0 0 0
seg: 3 12 300000 0 0
vtx: 4 307816256 316230016 0 0 0 0 0
seg: 4 12 254000 0 0
vtx: 5 308055989 316185892 12 0 0 0 0
net: "-3V"
pin: 1 DA2.4
pin: 2 R4.2
pin: 3 DA30.5
pin: 4 C24.1
pin: 5 DA20.5
pin: 6 DA10.5
pin: 7 C8.1
pin: 8 C14.1
pin: 9 C34.1
connect: 33 3 8 24 0
vtx: 1 296255000 312578964 12 0 0 0 0
seg: 1 12 254000 0 0
vtx: 2 296386240 312261248 0 0 0 0 0
seg: 2 12 500000 0 0
vtx: 3 296386240 311784992 0 0 0 0 0
seg: 3 12 500000 0 0
vtx: 4 296703744 311467488 0 0 0 0 0
seg: 4 12 500000 0 0
vtx: 5 301466240 311467488 0 0 0 0 0
seg: 5 12 500000 0 0
vtx: 6 303529984 309403744 0 0 0 0 0
seg: 6 12 500000 0 0
vtx: 7 314166240 309403744 0 0 0 0 0
seg: 7 12 500000 0 0
vtx: 8 315118752 308451264 0 0 0 0 0
seg: 8 12 500000 0 0
vtx: 9 315118750 308451250 0 1 1000000 600000 0
seg: 9 13 500000 0 0
vtx: 10 315118752 308451264 0 0 0 0 0
seg: 10 13 500000 0 0
vtx: 11 317182496 308451264 0 0 0 0 05004
seg: 11 13 500000 0 0
vtx: 12 317182496 300831264 0 0 0 0 0
seg: 12 13 500000 0 0
vtx: 13 315436256 299084992 0 0 0 0 0
seg: 13 13 500000 0 0
vtx: 14 315277504 299084992 0 0 0 0 0
seg: 14 13 500000 0 0
vtx: 15 315277500 299085000 0 1 1000000 600000 0
seg: 15 12 500000 0 0
vtx: 16 315277504 299084992 0 0 0 0 0
seg: 16 12 500000 0 0
vtx: 17 314324992 300037504 0 0 0 0 0
seg: 17 12 500000 0 0
vtx: 18 314324992 302577504 0 0 0 0 0
seg: 18 12 500000 0 0
vtx: 19 312896256 304006240 0 0 0 0 0
seg: 19 12 500000 0 0
vtx: 20 302260000 304006240 0 0 0 0 0
seg: 20 12 500000 0 0
vtx: 21 298926240 300672512 0 0 0 0 0
seg: 21 12 500000 0 0
vtx: 22 296703744 300672512 0 0 0 0 0
seg: 22 12 500000 0 0
vtx: 23 296386240 300990016 0 0 0 0 0
seg: 23 12 500000 0 0
vtx: 24 296386240 301466240 0 0 0 0 0
seg: 24 12 254000 0 0
vtx: 25 296255000 301783964 12 0 0 0 0
connect: 34 2 8 3 0
vtx: 1 294163970 302260330 12 0 0 0 0
seg: 1 12 254000 0 0
vtx: 2 294163744 302260000 0 0 0 0 0
seg: 2 12 500000 0 0
vtx: 3 296227488 302260000 0 0 0 0 0
seg: 3 12 254000 0 0
vtx: 4 296255000 301783964 12 0 0 0 0
connect: 39 4 3 3 0
vtx: 1 294163970 313055330 12 0 0 0 0
seg: 1 12 254000 0 0
vtx: 2 294163744 313055008 0 0 0 0 0
seg: 2 12 500000 0 0
vtx: 3 296227488 313055008 0 0 0 0 0
seg: 3 12 254000 0 0
vtx: 4 296255000 312578964 12 0 0 0 0
connect: 46 5 7 3 0
vtx: 1 294163970 323850330 12 0 0 0 0
seg: 1 12 254000 0 0
vtx: 2 294163744 323849984 0 0 0 0 0
seg: 2 12 500000 0 0
vtx: 3 296227488 323849984 0 0 0 0 0
seg: 3 12 254000 0 0
vtx: 4 296255000 323373964 12 0 0 0 0
connect: 47 1 7 8 0
vtx: 1 308498750 319405000 12 0 0 0 0
seg: 1 12 254000 0 0
vtx: 2 308609984 319246240 0 0 0 0 0
seg: 2 12 500000 0 0
vtx: 3 311784992 319246240 0 0 0 0 05000
seg: 3 12 500000 0 0
vtx: 4 311784992 320516256 0 0 0 0 0
seg: 4 12 500000 0 0
vtx: 5 310991264 321310016 0 0 0 0 0
seg: 5 12 500000 0 0
vtx: 6 297815008 321310016 0 0 0 0 0
seg: 6 12 500000 0 0
vtx: 7 296386240 322580000 0 0 0 0 0
seg: 7 12 500000 0 0
vtx: 8 296386240 323056256 0 0 0 0 0
seg: 8 12 254000 0 0
vtx: 9 296255000 323373964 12 0 0 0 0
connect: 64 6 -1 3 0
vtx: 1 311757500 317658750 0 0 0 0 0
seg: 1 12 254000 0 0
vtx: 2 311784992 317658752 0 0 0 0 0
seg: 2 12 1000000 0 0
vtx: 3 311784992 319246240 0 0 0 0 0
seg: 3 12 254000 0 0
vtx: 4 311784992 319246240 0 0 0 0 05000
connect: 69 6 0 4 0
vtx: 1 311757500 317658750 12 0 0 0 0
seg: 1 12 254000 0 0
vtx: 2 311558752 317658752 0 0 0 0 0
seg: 2 12 300000 0 0
vtx: 3 310356256 316456256 0 0 0 0 0
seg: 3 12 300000 0 0
vtx: 4 310356256 316230016 0 0 0 0 0
seg: 4 12 254000 0 0
vtx: 5 310116336 316186130 12 0 0 0 0
connect: 94 6 -1 7 0
vtx: 1 311757500 317658750 12 0 0 0 0
seg: 1 12 254000 0 0
vtx: 2 311784992 317658752 0 0 0 0 0
seg: 2 12 1000000 0 0
vtx: 3 314166240 317658752 0 0 0 0 0
seg: 3 12 1000000 0 0
vtx: 4 314166250 317658750 0 1 1000000 600000 0
seg: 4 13 1000000 0 0
vtx: 5 314166240 317658752 0 0 0 0 0
seg: 5 13 500000 0 0
vtx: 6 317182496 314642496 0 0 0 0 0
seg: 6 13 500000 0 0
vtx: 7 317182496 308451264 0 0 0 0 0
seg: 7 13 254000 0 0
vtx: 8 317182496 308451264 0 0 0 0 05004
net: "NET00002"
pin: 1 DA10.2
pin: 2 R14.1
connect: 30 0 1 3 0
vtx: 1 288448823 326390330 12 0 0 0 0
seg: 1 12 254000 0 0
vtx: 2 288448736 326390016 0 0 0 0 0
seg: 2 12 500000 0 0
vtx: 3 286226240 326390016 0 0 0 0 0
seg: 3 12 254000 0 0
vtx: 4 286226365 326754999 12 0 0 0 0
net: "NET00003"
pin: 1 DA10.3
pin: 2 R14.2
connect: 31 0 1 3 0
vtx: 1 288448529 325120991 12 0 0 0 0
seg: 1 12 254000 0 0
vtx: 2 288448736 325120000 0 0 0 0 0
seg: 2 12 500000 0 0
vtx: 3 286226240 325120000 0 0 0 0 0
seg: 3 12 254000 0 0
vtx: 4 286226365 324755000 12 0 0 0 0
net: "NET00017"
pin: 1 DA30.2
pin: 2 R34.1
connect: 78 0 1 3 0
vtx: 1 288448823 304800330 12 0 0 0 0
seg: 1 12 254000 0 0
vtx: 2 288448736 304800000 0 0 0 0 0
seg: 2 12 500000 0 0
vtx: 3 286226240 304800000 0 0 0 0 0
seg: 3 12 254000 0 0
vtx: 4 286226365 305164999 12 0 0 0 0
net: "NET00018"
pin: 1 DA30.3
pin: 2 R34.2
connect: 19 0 1 3 0
vtx: 1 288448529 303530991 12 0 0 0 0
seg: 1 12 254000 0 0
vtx: 2 288448736 303529984 0 0 0 0 0
seg: 2 12 500000 0 0
vtx: 3 286226240 303529984 0 0 0 0 0
seg: 3 12 254000 0 0
vtx: 4 286226365 303165000 12 0 0 0 0
net: "NET00014"
pin: 1 FreePad__61.1
pin: 2 R20.1
connect: 7 1 0 5 0
vtx: 1 277923750 313690231 12 0 0 0 0
seg: 1 12 254000 0 0
vtx: 2 277923744 313689984 0 0 0 0 0
seg: 2 12 400000 0 0
vtx: 3 277177504 313689984 0 0 0 0 0
seg: 3 12 400000 0 0
vtx: 4 275748736 315118752 0 0 0 0 0
seg: 4 12 400000 0 0
vtx: 5 274002496 315118752 0 0 0 0 0
seg: 5 12 254000 0 0
vtx: 6 273843750 315118750 12 0 0 0 0
net: "NET00023"
pin: 1 FreePad__73.1
pin: 2 R31.1
connect: 5 0 1 6 0
vtx: 1 273843750 312578750 12 0 0 0 0
seg: 1 12 254000 0 0
vtx: 2 273957472 312457920 0 0 0 0 0
seg: 2 12 400000 0 0
vtx: 3 276860000 309562496 0 0 0 0 0
seg: 3 12 400000 0 0
vtx: 4 276860000 305435008 0 0 0 0 0
seg: 4 12 400000 0 0
vtx: 5 277177504 305117504 0 0 0 0 0
seg: 5 12 400000 0 0
vtx: 6 277923744 305117504 0 0 0 0 0
seg: 6 12 254000 0 0
vtx: 7 277923750 305117731 12 0 0 0 0
net: "NET00022"
pin: 1 FreePad__60.1
pin: 2 R30.1
connect: 2 1 0 6 0
vtx: 1 277923750 302895231 12 0 0 0 0
seg: 1 12 254000 0 0
vtx: 2 277923744 302895008 0 0 0 0 0
seg: 2 12 400000 0 0
vtx: 3 277177504 302895008 0 0 0 0 0
seg: 3 12 400000 0 0
vtx: 4 275907488 304164992 0 0 0 0 0
seg: 4 12 400000 0 0
vtx: 5 275907488 307975008 0 0 0 0 0
seg: 5 12 400000 0 0
vtx: 6 273843744 310038752 0 0 0 0 0
seg: 6 12 254000 0 0
vtx: 7 273843750 310038750 12 0 0 0 0
net: "NET00024"
pin: 1 FreePad__32.1
pin: 2 DA30.7
pin: 3 R35.1
connect: 38 1 2 5 0
vtx: 1 294163823 304799669 12 0 0 0 0
seg: 1 12 254000 0 0
vtx: 2 294163744 304800000 0 0 0 0 0
seg: 2 12 500000 0 0
vtx: 3 295592512 304800000 0 0 0 0 0
seg: 3 12 500000 0 0
vtx: 4 296068736 305276256 0 0 0 0 0
seg: 4 12 500000 0 0
vtx: 5 296227488 305276256 0 0 0 0 0
seg: 5 12 254000 0 0
vtx: 6 296862615 305323749 12 0 0 0 0
connect: 72 2 0 5 0
vtx: 1 296862615 305323749 12 0 0 0 0
seg: 1 12 254000 0 0
vtx: 2 296862496 305276256 0 0 0 0 0
seg: 2 12 500000 0 0
vtx: 3 313213760 305276256 0 0 0 0 0
seg: 3 12 500000 0 0
vtx: 4 315118752 303371264 0 0 0 0 0
seg: 4 12 500000 0 0
vtx: 5 315753760 303371264 0 0 0 0 0
seg: 5 12 254000 0 0
vtx: 6 315753750 303371250 12 0 0 0 0
net: "NET00012"
pin: 1 DA20.1
pin: 2 C22.1
pin: 3 C21.2
pin: 4 R23.2
pin: 5 R21.2
connect: 9 1 4 3 0
vtx: 1 281622607 315781250 12 0 0 0 0
seg: 1 12 254000 0 0
vtx: 2 281622496 315753760 0 0 0 0 0
seg: 2 12 400000 0 0
vtx: 3 280035008 315753760 0 0 0 0 0
seg: 3 12 254000 0 0
vtx: 4 279923750 315912500 12 0 0 0 0
connect: 22 2 3 3 0
vtx: 1 283368428 315726249 12 0 0 0 0
seg: 1 12 254000 0 0
vtx: 2 283368736 315753760 0 0 0 0 0
seg: 2 12 400000 0 0
vtx: 3 283368736 317135008 0 0 0 0 0
seg: 3 12 254000 0 0
vtx: 4 283368865 317135000 12 0 0 0 0
connect: 25 2 0 7 0
vtx: 1 283368428 315726249 12 0 0 0 0
seg: 1 12 254000 0 0
vtx: 2 284003744 315436256 0 0 0 0 0
seg: 2 12 400000 0 0
vtx: 3 284162496 315436256 0 0 0 0 0
seg: 3 12 400000 0 0
vtx: 4 284638752 315912512 0 0 0 0 0
seg: 4 12 400000 0 0
vtx: 5 284638752 316547488 0 0 0 0 0
seg: 5 12 400000 0 0
vtx: 6 284956256 316864992 0 0 0 0 0
seg: 6 12 400000 0 0
vtx: 7 287813760 316864992 0 0 0 0 0
seg: 7 12 254000 0 0
vtx: 8 288448970 316865330 12 0 0 0 0
connect: 89 2 1 3 0
vtx: 1 283368428 315726249 12 0 0 0 0
seg: 1 12 254000 0 0
vtx: 2 283368736 315753760 0 0 0 0 0
seg: 2 12 400000 0 0
vtx: 3 281622496 315753760 0 0 0 0 0
seg: 3 12 254000 0 0
vtx: 4 281622607 315781250 12 0 0 0 0
net: "NET00013"
pin: 1 C20.2
pin: 2 DA20.4
pin: 3 R22.1
pin: 4 R20.2
pin: 5 C21.1
connect: 10 0 3 3 0
vtx: 1 281622178 313821249 12 0 0 0 0
seg: 1 12 254000 0 0
vtx: 2 281622496 313848736 0 0 0 0 0
seg: 2 12 400000 0 0
vtx: 3 279876256 313848736 0 0 0 0 0
seg: 3 12 254000 0 0
vtx: 4 279923750 313690000 12 0 0 0 0
connect: 26 4 1 7 0
vtx: 1 283368857 313876250 12 0 0 0 0
seg: 1 12 254000 0 0
vtx: 2 283527488 314166240 0 0 0 0 0
seg: 2 12 400000 0 0
vtx: 3 284162496 314166240 0 0 0 0 0
seg: 3 12 400000 0 0
vtx: 4 284638752 313689984 0 0 0 0 0
seg: 4 12 400000 0 0
vtx: 5 284638752 313372512 0 0 0 0 0
seg: 5 12 400000 0 0
vtx: 6 284956256 313055008 0 0 0 0 0
seg: 6 12 400000 0 0
vtx: 7 288448736 313055008 0 0 0 0 0
seg: 7 12 254000 0 0
vtx: 8 288448088 313055991 12 0 0 0 0
connect: 80 2 4 3 0
vtx: 1 283368865 312467499 12 0 0 0 0
seg: 1 12 254000 0 0
vtx: 2 283368736 312467488 0 0 0 0 0
seg: 2 12 400000 0 0
vtx: 3 283368736 313848736 0 0 0 0 0
seg: 3 12 254000 0 0
vtx: 4 283368857 313876250 12 0 0 0 0
connect: 90 4 0 3 0
vtx: 1 283368857 313876250 12 0 0 0 0
seg: 1 12 254000 0 0
vtx: 2 283368736 313848736 0 0 0 0 0
seg: 2 12 400000 0 0
vtx: 3 281622496 313848736 0 0 0 0 0
seg: 3 12 254000 0 0
vtx: 4 281622178 313821249 12 0 0 0 0
net: "NET00016"
pin: 1 FreePad__58.1
pin: 2 DA20.7
pin: 3 R25.1
connect: 42 1 2 5 0
vtx: 1 294163823 315594669 12 0 0 0 0
seg: 1 12 254000 0 0
vtx: 2 294163744 315595008 0 0 0 0 0
seg: 2 12 500000 0 0
vtx: 3 295592512 315595008 0 0 0 0 0
seg: 3 12 500000 0 0
vtx: 4 296068736 316071264 0 0 0 0 0
seg: 4 12 500000 0 0
vtx: 5 296227488 316071264 0 0 0 0 0
seg: 5 12 254000 0 0
vtx: 6 296862615 316118749 12 0 0 0 0
connect: 84 2 0 6 0
vtx: 1 296862615 316118749 12 0 0 0 0
seg: 1 12 254000 0 0
vtx: 2 296862496 316071264 0 0 0 0 0
seg: 2 12 500000 0 0
vtx: 3 298291264 316071264 0 0 0 0 0
seg: 3 12 500000 0 0
vtx: 4 303847488 310515008 0 0 0 0 0
seg: 4 12 500000 0 0
vtx: 5 314007488 310515008 0 0 0 0 0
seg: 5 12 500000 0 0
vtx: 6 315753760 312261248 0 0 0 0 0
seg: 6 12 254000 0 0
vtx: 7 315753750 312261250 12 0 0 0 0
net: "GND"
pin: 1 FreePad__31.1
pin: 2 FreePad__35.1
pin: 3 FreePad__39.1
pin: 4 FreePad__72.1
pin: 5 DA2.2
pin: 6 DA2.9
pin: 7 R5.2
pin: 8 DA1.2
pin: 9 C32.2
pin: 10 DA30.6
pin: 11 C1.2
pin: 12 C24.2
pin: 13 C23.2
pin: 14 C13.2
pin: 15 C20.1
pin: 16 C12.2
pin: 17 DA20.6
pin: 18 DA10.6
pin: 19 R35.2
pin: 20 C7.1
pin: 21 C8.2
pin: 22 C2.1
pin: 23 C14.2
pin: 24 C10.1
pin: 25 R15.2
pin: 26 C22.2
pin: 27 R25.2
pin: 28 C33.2
pin: 29 C34.2
pin: 30 C30.1
pin: 31 C4.1
pin: 32 R2.1
pin: 33 KT1.1
pin: 34 KT1.2
pin: 35 C6.2
pin: 36 R22.2
pin: 37 R13.1
pin: 38 R3.1
pin: 39 R12.2
pin: 40 R23.1
pin: 41 R33.1
pin: 42 R32.2
pin: 43 Via__1.1
pin: 44 Via__2.1
pin: 45 Via__3.1
pin: 46 Via__8.1
pin: 47 Via__11.1
pin: 48 Via__16.1
pin: 49 Via__17.1
pin: 50 Via__18.1
pin: 51 Via__26.1
pin: 52 Via__27.1
pin: 53 Via__35.1
connect: 1 41 29 7 0
vtx: 1 283368865 299672500 12 0 0 0 0
seg: 1 12 254000 0 0
vtx: 2 283368736 299720000 0 0 0 0 0
seg: 2 12 500000 0 0
vtx: 3 282098752 299720000 0 0 0 0 0
seg: 3 12 500000 0 0
vtx: 4 281622496 300037504 0 0 0 0 0
seg: 4 12 500000 0 0
vtx: 5 282098750 299720000 0 1 1000000 600000 0
seg: 5 12 500000 0 0
vtx: 6 281622496 300037504 0 0 0 0 0
seg: 6 12 500000 0 0
vtx: 7 281622496 301176256 0 0 0 0 0
seg: 7 12 254000 0 0
vtx: 8 281622607 301176250 12 0 0 0 0
connect: 4 35 14 7 0
vtx: 1 283368865 310467500 12 0 0 0 0
seg: 1 12 254000 0 0
vtx: 2 283368736 310515008 0 0 0 0 0
seg: 2 12 500000 0 0
vtx: 3 282098752 310515008 0 0 0 0 0
seg: 3 12 500000 0 0
vtx: 4 281622496 310991264 0 0 0 0 0
seg: 4 12 500000 0 0
vtx: 5 282098750 310515000 0 1 1000000 600000 0
seg: 5 12 500000 0 0
vtx: 6 281622496 310991264 0 0 0 0 0
seg: 6 12 500000 0 0
vtx: 7 281622496 311971264 0 0 0 0 0
seg: 7 12 254000 0 0
vtx: 8 281622607 311971250 12 0 0 0 0
connect: 6 8 40 7 0
vtx: 1 281622178 306836249 12 0 0 0 0
seg: 1 12 254000 0 0
vtx: 2 281622496 306836256 0 0 0 0 0
seg: 2 12 500000 0 0
vtx: 3 281622496 307816256 0 0 0 0 0
seg: 3 12 500000 0 0
vtx: 4 282098750 308292500 0 1 1000000 600000 0
seg: 4 12 500000 0 0
vtx: 5 281622496 307816256 0 0 0 0 0
seg: 5 12 500000 0 0
vtx: 6 282098752 308292512 0 0 0 0 0
seg: 6 12 500000 0 0
vtx: 7 283368736 308292512 0 0 0 0 0
seg: 7 12 254000 0 0
vtx: 8 283368865 308339999 12 0 0 0 0
connect: 8 25 39 7 0
vtx: 1 281622178 317631249 12 0 0 0 0
seg: 1 12 254000 0 0
vtx: 2 281622496 317631264 0 0 0 0 0
seg: 2 12 500000 0 0
vtx: 3 281622496 318611264 0 0 0 0 0
seg: 3 12 500000 0 0
vtx: 4 282098750 319087500 0 1 1000000 600000 05002
seg: 4 12 500000 0 0
vtx: 5 281622496 318611264 0 0 0 0 0
seg: 5 12 500000 0 0
vtx: 6 282098752 319087488 0 0 0 0 0
seg: 6 12 500000 0 0
vtx: 7 283368736 319087488 0 0 0 0 0
seg: 7 12 254000 0 0
vtx: 8 283368865 319134999 12 0 0 0 0
connect: 12 38 23 7 0
vtx: 1 283368865 321262500 12 0 0 0 0
seg: 1 12 254000 0 0
vtx: 2 283368736 321310016 0 0 0 0 0
seg: 2 12 500000 0 0
vtx: 3 282098752 321310016 0 0 0 0 0
seg: 3 12 500000 0 0
vtx: 4 281622496 321786240 0 0 0 0 0
seg: 4 12 500000 0 0
vtx: 5 282098750 321310000 0 1 1000000 600000 0
seg: 5 12 500000 0 0
vtx: 6 281622496 321786240 0 0 0 0 0
seg: 6 12 500000 0 0
vtx: 7 281622496 322766240 0 0 0 0 0
seg: 7 12 254000 0 0
vtx: 8 281622607 322766250 12 0 0 0 0
connect: 17 15 36 7 0
vtx: 1 281622178 328426249 12 0 0 0 0
seg: 1 12 254000 0 0
vtx: 2 281622496 328426240 0 0 0 0 0
seg: 2 12 500000 0 0
vtx: 3 281622496 329406240 0 0 0 0 0
seg: 3 12 500000 0 0
vtx: 4 282098750 329882500 0 1 1000000 600000 05003
seg: 4 12 500000 0 0
vtx: 5 281622496 329406240 0 0 0 0 0
seg: 5 12 500000 0 0
vtx: 6 282098752 329882496 0 0 0 0 0
seg: 6 12 500000 0 0
vtx: 7 283368736 329882496 0 0 0 0 0
seg: 7 12 254000 0 0
vtx: 8 283368865 329929999 12 0 0 0 0
connect: 32 33 32 3 0
vtx: 1 295910000 292735000 12 0 0 0 0
seg: 1 12 254000 0 0
vtx: 2 295909984 292735008 0 0 0 0 0
seg: 2 12 1000000 0 0
vtx: 3 290830016 292735008 0 0 0 0 05006
seg: 3 12 254000 0 0
vtx: 4 290830000 292735000 12 0 0 0 0
connect: 35 9 18 6 0
vtx: 1 294163823 303530330 12 0 0 0 0
seg: 1 12 254000 0 0
vtx: 2 294163744 303529984 0 0 0 0 0
seg: 2 12 500000 0 0
vtx: 3 295751264 303529984 0 0 0 0 0
seg: 3 12 500000 0 0
vtx: 4 295751250 303530000 0 1 1000000 600000 0
seg: 4 12 500000 0 0
vtx: 5 295751264 303529984 0 0 0 0 0
seg: 5 12 500000 0 0
vtx: 6 296656256 303529984 0 0 0 0 0
seg: 6 12 254000 0 0
vtx: 7 296862615 303323750 12 0 0 0 0
connect: 41 16 26 6 0
vtx: 1 294163823 314325330 12 0 0 0 0
seg: 1 12 254000 0 0
vtx: 2 294163744 314324992 0 0 0 0 0
seg: 2 12 500000 0 0
vtx: 3 295751264 314324992 0 0 0 0 0
seg: 3 12 500000 0 0
vtx: 4 295751250 314325000 0 1 1000000 600000 0
seg: 4 12 500000 0 0
vtx: 5 295751264 314324992 0 0 0 0 0
seg: 5 12 500000 0 0
vtx: 6 296656256 314324992 0 0 0 0 0
seg: 6 12 254000 0 0
vtx: 7 296862615 314118750 12 0 0 0 0
connect: 45 17 24 6 0
vtx: 1 294163823 325120330 12 0 0 0 0
seg: 1 12 254000 0 0
vtx: 2 294163744 325120000 0 0 0 0 0
seg: 2 12 500000 0 0
vtx: 3 295751264 325120000 0 0 0 0 0
seg: 3 12 500000 0 0
vtx: 4 295751250 325120000 0 1 1000000 600000 0
seg: 4 12 500000 0 0
vtx: 5 295751264 325120000 0 0 0 0 0
seg: 5 12 500000 0 0
vtx: 6 296656256 325120000 0 0 0 0 0
seg: 6 12 254000 0 0
vtx: 7 296862615 324913750 12 0 0 0 0
connect: 49 7 -1 8 0
vtx: 1 304006400 296257499 0 0 0 0 0
seg: 1 12 254000 0 0
vtx: 2 304006240 296257504 0 0 0 0 0
seg: 2 12 800000 0 0
vtx: 3 304006240 294957504 0 0 0 0 0
seg: 3 12 1000000 0 0
vtx: 4 304006250 294957500 0 1 1000000 600000 0
seg: 4 12 1000000 0 0
vtx: 5 304006240 294957504 0 0 0 0 0
seg: 5 12 1000000 0 0
vtx: 6 302895008 294957504 0 0 0 0 0
seg: 6 12 500000 0 0
vtx: 7 302577504 294640000 0 0 0 0 0
seg: 7 12 500000 0 0
vtx: 8 302418752 294640000 0 0 0 0 0
seg: 8 12 500000 0 0
vtx: 9 298608736 294640000 0 0 0 0 0
connect: 50 30 7 7 0
vtx: 1 303212607 298318750 12 0 0 0 0
seg: 1 12 254000 0 0
vtx: 2 303212512 298318752 0 0 0 0 0
seg: 2 12 800000 0 0
vtx: 3 303212512 297656256 0 0 0 0 0
seg: 3 12 800000 0 0
vtx: 4 304006250 297338750 0 1 1000000 600000 0
seg: 4 12 800000 0 0
vtx: 5 303212512 297656256 0 0 0 0 0
seg: 5 12 800000 0 0
vtx: 6 304006240 297338752 0 0 0 0 0
seg: 6 12 800000 0 0
vtx: 7 304006240 296257504 0 0 0 0 0
seg: 7 12 254000 0 0
vtx: 8 304006400 296257499 12 0 0 0 0
connect: 54 28 -1 4 0
vtx: 1 298105000 301783750 12 0 0 0 0
seg: 1 12 254000 0 0
vtx: 2 298449984 301783744 0 0 0 0 0
seg: 2 12 500000 0 0
vtx: 3 299084992 302418752 0 0 0 0 0
seg: 3 12 500000 0 0
vtx: 4 299085000 302418750 0 1 1000000 600000 0
seg: 4 12 254000 0 0
vtx: 5 299084992 302418752 0 0 0 0 05007
connect: 55 27 -1 4 0
vtx: 1 298105000 306863750 12 0 0 0 0
seg: 1 12 254000 0 0
vtx: 2 298104992 306863744 0 0 0 0 0
seg: 2 12 500000 0 0
vtx: 3 299084992 306863744 0 0 0 0 0
seg: 3 12 500000 0 0
vtx: 4 299085000 306863750 0 1 1000000 600000 0
seg: 4 12 254000 0 0
vtx: 5 299084992 306863744 0 0 0 0 05008
connect: 56 12 -1 4 0
vtx: 1 298105000 317658750 12 0 0 0 0
seg: 1 12 254000 0 0
vtx: 2 298104992 317658752 0 0 0 0 0
seg: 2 12 500000 0 0
vtx: 3 299084992 317658752 0 0 0 0 0
seg: 3 12 500000 0 0
vtx: 4 299085000 317658750 0 1 1000000 600000 0
seg: 4 12 254000 0 0
vtx: 5 299084992 317658752 0 0 0 0 05009
connect: 57 22 -1 4 0
vtx: 1 298105000 323373750 12 0 0 0 0
seg: 1 12 254000 0 0
vtx: 2 298104992 323373760 0 0 0 0 0
seg: 2 12 500000 0 0
vtx: 3 299084992 323373760 0 0 0 0 0
seg: 3 12 500000 0 0
vtx: 4 299085000 323373750 0 1 1000000 600000 0
seg: 4 12 254000 0 0
vtx: 5 299084992 323373760 0 0 0 0 05010
connect: 58 13 -1 4 0
vtx: 1 298105000 328453750 12 0 0 0 0
seg: 1 12 254000 0 0
vtx: 2 298104992 328453760 0 0 0 0 0
seg: 2 12 500000 0 0
vtx: 3 299084992 328453760 0 0 0 0 0
seg: 3 12 500000 0 0
vtx: 4 299085000 328453750 0 1 1000000 600000 0
seg: 4 12 254000 0 0
vtx: 5 299084992 328453760 0 0 0 0 05011
connect: 60 19 4 4 0
vtx: 1 311785107 314193750 12 0 0 0 0
seg: 1 12 254000 0 0
vtx: 2 311784992 314166240 0 0 0 0 0
seg: 2 12 280000 0 0
vtx: 3 310800000 315178752 0 0 0 0 0
seg: 3 12 280000 0 0
vtx: 4 309978752 315178752 0 0 0 0 0
seg: 4 12 254000 0 0
vtx: 5 310116278 315186369 12 0 0 0 0
connect: 61 5 20 5 0
vtx: 1 309086250 315436250 12 0 0 0 0
seg: 1 12 254000 0 0
vtx: 2 309086240 315912512 0 0 0 0 0
seg: 2 12 800000 0 0
vtx: 3 309086240 317658752 0 0 0 0 0
seg: 3 12 800000 0 0
vtx: 4 308451264 317817504 0 0 0 0 0
seg: 4 12 600000 0 0
vtx: 5 309748736 317817504 0 0 0 0 0
seg: 5 12 254000 0 0
vtx: 6 309907500 317658535 12 0 0 0 0
connect: 67 34 19 7 0
vtx: 1 310328750 313055000 12 0 0 0 0
seg: 1 12 254000 0 0
vtx: 2 310515008 313055008 0 0 0 0 0
seg: 2 12 1000000 0 0
vtx: 3 311308736 313055008 0 0 0 0 0
seg: 3 12 1000000 0 0
vtx: 4 311308750 313055000 0 1 1000000 600000 0
seg: 4 12 1000000 0 0
vtx: 5 311308736 313055008 0 0 0 0 0
seg: 5 12 1000000 0 0
vtx: 6 311784992 313531264 0 0 0 0 0
seg: 6 12 1000000 0 0
vtx: 7 311784992 314007488 0 0 0 0 0
seg: 7 12 254000 0 0
vtx: 8 311785107 314193750 12 0 0 0 0
connect: 83 11 -1 4 0
vtx: 1 298105000 312578750 12 0 0 0 0
seg: 1 12 254000 0 0
vtx: 2 298104992 312578752 0 0 0 0 0
seg: 2 12 500000 0 0
vtx: 3 299084992 312578752 0 0 0 0 0
seg: 3 12 500000 0 0
vtx: 4 299085000 312578750 0 1 1000000 600000 0
seg: 4 12 254000 0 0
vtx: 5 299084992 312578752 0 0 0 0 05013
connect: 88 39 -1 3 0
vtx: 1 283368865 319134999 0 0 0 0 0
seg: 1 12 254000 0 0
vtx: 2 283368736 319087488 0 0 0 0 0
seg: 2 12 500000 0 0
vtx: 3 282098752 319087488 0 0 0 0 0
seg: 3 12 254000 0 0
vtx: 4 282098750 319087500 0 0 0 0 05002
connect: 93 36 -1 3 0
vtx: 1 283368865 329929999 12 0 0 0 0
seg: 1 12 254000 0 0
vtx: 2 283368736 329882496 0 0 0 0 0
seg: 2 12 500000 0 0
vtx: 3 282098752 329882496 0 0 0 0 0
seg: 3 12 254000 0 0
vtx: 4 282098750 329882500 0 0 0 0 05003
connect: 97 33 -1 2 0
vtx: 1 295910000 292735000 12 0 0 0 0
seg: 1 12 254000 0 0
vtx: 2 296310016 292735008 0 0 0 0 0
seg: 2 12 500000 0 0
vtx: 3 297006048 292735008 0 0 0 0 0
connect: 98 32 -1 3 0
vtx: 1 290830000 292735000 12 0 0 0 0
seg: 1 12 254000 0 0
vtx: 2 291230016 292735008 0 0 0 0 0
seg: 2 12 500000 0 0
vtx: 3 291926048 292735008 0 0 0 0 0
seg: 3 12 254000 0 0
vtx: 4 290830016 292735008 0 0 0 0 05006
connect: 99 37 -1 3 0
vtx: 1 301466365 293640000 12 0 0 0 0
seg: 1 12 254000 0 0
vtx: 2 301466240 293390016 0 0 0 0 0
seg: 2 12 500000 0 0
vtx: 3 301466240 292735008 0 0 0 0 0
seg: 3 12 500000 0 0
vtx: 4 301466250 292100000 0 1 1000000 600000 0
connect: 100 21 -1 4 0
vtx: 1 314773750 293528750 12 0 0 0 0
seg: 1 12 254000 0 0
vtx: 2 315023744 293528736 0 0 0 0 0
seg: 2 12 500000 0 0
vtx: 3 315605120 293528736 0 0 0 0 0
seg: 3 12 500000 0 0
vtx: 4 315912500 293528750 0 1 1000000 600000 0
seg: 4 12 254000 0 0
vtx: 5 315605120 293528736 0 0 0 0 05014
connect: 101 10 -1 4 0
vtx: 1 314773750 295116250 12 0 0 0 0
seg: 1 12 254000 0 0
vtx: 2 315023744 295116256 0 0 0 0 0
seg: 2 12 500000 0 0
vtx: 3 315605120 295116256 0 0 0 0 0
seg: 3 12 500000 0 0
vtx: 4 315912500 295116250 0 1 1000000 600000 0
seg: 4 12 254000 0 0
vtx: 5 315605120 295116256 0 0 0 0 05015
connect: 102 31 -1 2 0
vtx: 1 299878865 293640000 12 0 0 0 0
seg: 1 12 254000 0 0
vtx: 2 299878752 293889984 0 0 0 0 0
seg: 2 12 500000 0 0
vtx: 3 299878752 294471360 0 0 0 0 0
connect: 103 31 -1 2 0
vtx: 1 299878865 293640000 12 0 0 0 0
seg: 1 12 254000 0 0
vtx: 2 299628736 293640000 0 0 0 0 0
seg: 2 12 500000 0 0
vtx: 3 298897376 293640000 0 0 0 0 0
connect: 104 31 -1 2 0
vtx: 1 299878865 293640000 12 0 0 0 0
seg: 1 12 254000 0 0
vtx: 2 299878752 293390016 0 0 0 0 0
seg: 2 12 500000 0 0
vtx: 3 299878752 292808640 0 0 0 0 0
connect: 105 21 -1 2 0
vtx: 1 314773750 293528750 12 0 0 0 0
seg: 1 12 254000 0 0
vtx: 2 314773760 293278752 0 0 0 0 0
seg: 2 12 500000 0 0
vtx: 3 314773760 292547392 0 0 0 0 0
connect: 106 10 -1 2 0
vtx: 1 314773750 295116250 12 0 0 0 0
seg: 1 12 254000 0 0
vtx: 2 314773760 295366240 0 0 0 0 0
seg: 2 12 500000 0 0
vtx: 3 314773760 296097600 0 0 0 0 0
connect: 107 0 -1 2 0
vtx: 1 315753750 301307500 13 0 0 0 0
seg: 1 13 254000 0 0
vtx: 2 315353760 301307488 0 0 0 0 0
seg: 2 13 800000 0 0
vtx: 3 314657696 301307488 0 0 0 0 0
connect: 108 1 -1 2 0
vtx: 1 315753750 310197500 13 0 0 0 0
seg: 1 13 254000 0 0
vtx: 2 315353760 310197504 0 0 0 0 0
seg: 2 13 800000 0 0
vtx: 3 314657696 310197504 0 0 0 0 0
connect: 109 2 -1 2 0
vtx: 1 315753750 319087500 13 0 0 0 0
seg: 1 13 254000 0 0
vtx: 2 315353760 319087488 0 0 0 0 0
seg: 2 13 800000 0 0
vtx: 3 314657696 319087488 0 0 0 0 0
connect: 110 2 -1 2 0
vtx: 1 315753750 319087500 13 0 0 0 0
seg: 1 13 254000 0 0
vtx: 2 315753760 318687488 0 0 0 0 0
seg: 2 13 800000 0 0
vtx: 3 315753760 317991424 0 0 0 0 0
connect: 111 2 -1 2 0
vtx: 1 315753750 319087500 13 0 0 0 0
seg: 1 13 254000 0 0
vtx: 2 316153760 319087488 0 0 0 0 0
seg: 2 13 800000 0 0
vtx: 3 316849824 319087488 0 0 0 0 0
connect: 112 33 -1 2 0
vtx: 1 295910000 292735000 13 0 0 0 0
seg: 1 13 254000 0 0
vtx: 2 296310016 292735008 0 0 0 0 0
seg: 2 13 800000 0 0
vtx: 3 297006048 292735008 0 0 0 0 0
connect: 113 33 -1 2 0
vtx: 1 295910000 292735000 13 0 0 0 0
seg: 1 13 254000 0 0
vtx: 2 295910016 293135008 0 0 0 0 0
seg: 2 13 800000 0 0
vtx: 3 295910016 293831072 0 0 0 0 0
connect: 114 33 -1 2 0
vtx: 1 295910000 292735000 13 0 0 0 0
seg: 1 13 254000 0 0
vtx: 2 295510016 292735008 0 0 0 0 0
seg: 2 13 800000 0 0
vtx: 3 294813952 292735008 0 0 0 0 0
connect: 115 33 -1 2 0
vtx: 1 295910000 292735000 13 0 0 0 0
seg: 1 13 254000 0 0
vtx: 2 295910016 292335008 0 0 0 0 0
seg: 2 13 800000 0 0
vtx: 3 295910016 291638944 0 0 0 0 0
connect: 116 32 -1 2 0
vtx: 1 290830000 292735000 13 0 0 0 0
seg: 1 13 254000 0 0
vtx: 2 291230016 292735008 0 0 0 0 0
seg: 2 13 800000 0 0
vtx: 3 291926048 292735008 0 0 0 0 0
connect: 117 32 -1 2 0
vtx: 1 290830000 292735000 13 0 0 0 0
seg: 1 13 254000 0 0
vtx: 2 290830016 293135008 0 0 0 0 0
seg: 2 13 800000 0 0
vtx: 3 290830016 293831072 0 0 0 0 0
connect: 118 32 -1 2 0
vtx: 1 290830000 292735000 13 0 0 0 0
seg: 1 13 254000 0 0
vtx: 2 290430016 292735008 0 0 0 0 0
seg: 2 13 800000 0 0
vtx: 3 289733952 292735008 0 0 0 0 0
connect: 119 32 -1 2 0
vtx: 1 290830000 292735000 13 0 0 0 0
seg: 1 13 254000 0 0
vtx: 2 290830016 292335008 0 0 0 0 0
seg: 2 13 800000 0 0
vtx: 3 290830016 291638944 0 0 0 0 0
connect: 120 3 -1 2 0
vtx: 1 273843750 304958750 13 0 0 0 0
seg: 1 13 254000 0 0
vtx: 2 273843744 305358752 0 0 0 0 0
seg: 2 13 800000 0 0
vtx: 3 273843744 306054816 0 0 0 0 0
connect: 121 3 -1 2 0
vtx: 1 273843750 304958750 13 0 0 0 0
seg: 1 13 254000 0 0
vtx: 2 273443744 304958752 0 0 0 0 0
seg: 2 13 800000 0 0
vtx: 3 272747680 304958752 0 0 0 0 0
connect: 122 3 -1 2 0
vtx: 1 273843750 304958750 13 0 0 0 0
seg: 1 13 254000 0 0
vtx: 2 273843744 304558752 0 0 0 0 0
seg: 2 13 800000 0 0
vtx: 3 273843744 303862688 0 0 0 0 0
connect: 123 3 -1 2 0
vtx: 1 273843750 304958750 13 0 0 0 0
seg: 1 13 254000 0 0
vtx: 2 274243744 304958752 0 0 0 0 0
seg: 2 13 800000 0 0
vtx: 3 274939808 304958752 0 0 0 0 0
area: 1 114 12 0
corner: 1 291842620 292315560 0 0
corner: 2 291605030 291959970 0 0
corner: 3 291574630 291939660 0 0
corner: 4 291467770 291779730 0 0
corner: 5 291465000 291777880 0 0
corner: 6 291465000 291623750 0 0
corner: 7 294870680 291623750 0 0
corner: 8 294637230 291779730 0 0
corner: 9 294344380 292218020 0 0
corner: 10 294241550 292735000 0 0
corner: 11 294344380 293251980 0 0
corner: 12 294637230 293690270 0 0
corner: 13 295075520 293983120 0 0
corner: 14 295592500 294085950 0 0
corner: 15 296109480 293983120 0 0
corner: 16 296547770 293690270 0 0
corner: 17 296654630 293530340 0 0
corner: 18 296685030 293510030 0 0
corner: 19 296922620 293154440 0 0
corner: 20 297006060 292735000 0 0
corner: 21 296922620 292315560 0 0
corner: 22 296685030 291959970 0 0
corner: 23 296654630 291939660 0 0
corner: 24 296547770 291779730 0 0
corner: 25 296314320 291623750 0 0
corner: 26 317500000 291623750 0 0
corner: 27 317500000 296386250 0 0
corner: 28 314801250 296386250 0 0
corner: 29 314738500 296097610 0 0
corner: 30 315273750 296097610 0 0
corner: 31 315400550 296072390 0 0
corner: 32 315508060 296000560 0 0
corner: 33 315579890 295893050 0 0
corner: 34 315605110 295766250 0 0
corner: 35 315605110 294466250 0 0
corner: 36 315579890 294339450 0 0
corner: 37 315568570 294322500 0 0
corner: 38 315579890 294305550 0 0
corner: 39 315605110 294178750 0 0
corner: 40 315605110 292878750 0 0
corner: 41 315579890 292751950 0 0
corner: 42 315508060 292644440 0 0
corner: 43 315400550 292572610 0 0
corner: 44 315273750 292547390 0 0
corner: 45 314273750 292547390 0 0
corner: 46 314146950 292572610 0 0
corner: 47 314039440 292644440 0 0
corner: 48 313978930 292735000 0 0
corner: 49 313718570 292735000 0 0
corner: 50 313658060 292644440 0 0
corner: 51 313550550 292572610 0 0
corner: 52 313423750 292547390 0 0
corner: 53 313056450 292547390 0 0
corner: 54 313043340 292538630 0 0
corner: 55 312896250 292509370 0 0
corner: 56 312896250 292509380 0 0
corner: 57 311707620 292509380 0 0
corner: 58 311707620 292509370 0 0
corner: 59 311632970 292516700 0 0
corner: 60 311566080 292530000 0 0
corner: 61 302763980 292530000 0 0
corner: 62 302763980 292529990 0 0
corner: 63 302688670 292537450 0 0
corner: 64 302660940 292542970 0 0
corner: 65 302589160 292564770 0 0
corner: 66 302464460 292648100 0 0
corner: 67 302406390 292735000 0 0
corner: 68 301466250 292735000 0 0
corner: 69 301464540 292808640 0 0
corner: 70 300816250 292808640 0 0
corner: 71 300689450 292833860 0 0
corner: 72 300672500 292845180 0 0
corner: 73 300655550 292833860 0 0
corner: 74 300528750 292808640 0 0
corner: 75 299228750 292808640 0 0
corner: 76 299101950 292833860 0 0
corner: 77 298994440 292905690 0 0
corner: 78 298922610 293013200 0 0
corner: 79 298897390 293140000 0 0
corner: 80 298897390 294140000 0 0
corner: 81 298922610 294266800 0 0
corner: 82 298994440 294374310 0 0
corner: 83 299101950 294446140 0 0
corner: 84 299228750 294471360 0 0
corner: 85 300528750 294471360 0 0
corner: 86 300655550 294446140 0 0
corner: 87 300672500 294434820 0 0
corner: 88 300689450 294446140 0 0
corner: 89 300816250 294471360 0 0
corner: 90 301425870 294471360 0 0
corner: 91 301418030 294808640 0 0
corner: 92 300816250 294808640 0 0
corner: 93 300689450 294833860 0 0
corner: 94 300672500 294845180 0 0
corner: 95 300655550 294833860 0 0
corner: 96 300528750 294808640 0 0
corner: 97 299228750 294808640 0 0
corner: 98 299101950 294833860 0 0
corner: 99 298994440 294905690 0 0
corner: 100 298922610 295013200 0 0
corner: 101 298897390 295140000 0 0
corner: 102 298897390 296140000 0 0
corner: 103 298922610 296266800 0 0
corner: 104 298926250 296272250 0 0
corner: 105 298926250 296341500 0 0
corner: 106 298922610 296346950 0 0
corner: 107 298897390 296473750 0 0
corner: 108 298897390 297398280 0 0
corner: 109 297867390 297398280 0 0
corner: 110 294160180 293691070 0 0
corner: 111 293528750 293429530 0 0
corner: 112 291658820 293429530 0 0
corner: 113 291842620 293154440 0 0
corner: 114 291926060 292735000 0 1
area: 1 50 12 0
corner: 1 279611140 295215470 0 0
corner: 2 293158860 295215470 0 0
corner: 3 296866070 298922680 0 0
corner: 4 297497500 299184220 0 0
corner: 5 298715110 299184220 0 0
corner: 6 298897390 299366500 0 0
corner: 7 298897390 299473750 0 0
corner: 8 298922610 299600550 0 0
corner: 9 298994440 299708060 0 0
corner: 10 299101950 299779890 0 0
corner: 11 299228750 299805110 0 0
corner: 12 299461420 299805110 0 0
corner: 13 299878750 299977970 0 0
corner: 14 301096360 299977970 0 0
corner: 15 301946070 300827680 0 0
corner: 16 302577500 301089220 0 0
corner: 17 302829230 301089220 0 0
corner: 18 303212500 301247970 0 0
corner: 19 303986140 301247970 0 0
corner: 20 303986140 301313750 0 0
corner: 21 304006250 301414860 0 0
corner: 22 304006250 301783750 0 0
corner: 23 309880000 301783750 0 0
corner: 24 309880000 301291220 0 0
corner: 25 310515000 301307500 0 0
corner: 26 310515000 298376360 0 0
corner: 27 311673750 298376360 0 0
corner: 28 311800550 298351140 0 0
corner: 29 311890190 298291250 0 0
corner: 30 315039160 298291250 0 0
corner: 31 314955610 298307870 0 0
corner: 32 314682710 298490210 0 0
corner: 33 314500370 298763110 0 0
corner: 34 314446030 299036290 0 0
corner: 35 313726160 299756160 0 0
corner: 36 313543870 300196250 0 0
corner: 37 313543870 302088630 0 0
corner: 38 312248630 303383870 0 0
corner: 39 302750180 303383870 0 0
corner: 40 302514110 303380180 0 0
corner: 41 299366340 300232410 0 0
corner: 42 298926250 300050120 0 0
corner: 43 296703750 300050120 0 0
corner: 44 296263660 300232410 0 0
corner: 45 296141070 300355000 0 0
corner: 46 295275000 300355000 0 0
corner: 47 291465000 296545000 0 0
corner: 48 280352500 296545000 0 0
corner: 49 275113750 301783750 0 0
corner: 50 275113750 299712860 0 1
area: 1 312 13 0
corner: 1 316560120 307828870 0 0
corner: 2 315672250 307828870 0 0
corner: 3 315440640 307674120 0 0
corner: 4 315118750 307610090 0 0
corner: 5 314796860 307674120 0 0
corner: 6 314523960 307856460 0 0
corner: 7 314341620 308129360 0 0
corner: 8 314277590 308451250 0 0
corner: 9 314341620 308773140 0 0
corner: 10 314523960 309046040 0 0
corner: 11 314796860 309228380 0 0
corner: 12 315118750 309292410 0 0
corner: 13 315196530 309276940 0 0
corner: 14 314978720 309422470 0 0
corner: 15 314741130 309778060 0 0
corner: 16 314657690 310197500 0 0
corner: 17 314741130 310616940 0 0
corner: 18 314978720 310972530 0 0
corner: 19 315334310 311210120 0 0
corner: 20 315431100 311229380 0 0
corner: 21 315334310 311248630 0 0
corner: 22 314978720 311486220 0 0
corner: 23 314741130 311841810 0 0
corner: 24 314657690 312261250 0 0
corner: 25 314741130 312680690 0 0
corner: 26 314978720 313036280 0 0
corner: 27 315334310 313273870 0 0
corner: 28 315431100 313293130 0 0
corner: 29 315334310 313312380 0 0
corner: 30 314978720 313549970 0 0
corner: 31 314741130 313905560 0 0
corner: 32 314657690 314325000 0 0
corner: 33 314741130 314744440 0 0
corner: 34 314978720 315100030 0 0
corner: 35 315334310 315337620 0 0
corner: 36 315561920 315382900 0 0
corner: 37 314117540 316827280 0 0
corner: 38 313844360 316881620 0 0
corner: 39 313571460 317063960 0 0
corner: 40 313389120 317336860 0 0
corner: 41 313325090 317658750 0 0
corner: 42 313389120 317980640 0 0
corner: 43 313571460 318253540 0 0
corner: 44 313844360 318435880 0 0
corner: 45 314166250 318499910 0 0
corner: 46 314488140 318435880 0 0
corner: 47 314761040 318253540 0 0
corner: 48 314943380 317980640 0 0
corner: 49 314997720 317707460 0 0
corner: 50 317500000 315205180 0 0
corner: 51 317500000 330835000 0 0
corner: 52 272256250 330835000 0 0
corner: 53 272256250 297370120 0 0
corner: 54 272469280 297227780 0 0
corner: 55 272706870 296872190 0 0
corner: 56 272790310 296452750 0 0
corner: 57 272706870 296033310 0 0
corner: 58 272469280 295677720 0 0
corner: 59 272256250 295535380 0 0
corner: 60 272256250 291623750 0 0
corner: 61 317500000 291623750 0 0
corner: 62 317500000 300268570 0 0
corner: 63 316069550 298838120 0 0
corner: 64 316054630 298763110 0 0
corner: 65 315872290 298490210 0 0
corner: 66 315599390 298307870 0 0
corner: 67 315277500 298243840 0 0
corner: 68 314955610 298307870 0 0
corner: 69 314682710 298490210 0 0
corner: 70 314500370 298763110 0 0
corner: 71 314436340 299085000 0 0
corner: 72 314500370 299406890 0 0
corner: 73 314682710 299679790 0 0
corner: 74 314955610 299862130 0 0
corner: 75 315277500 299926160 0 0
corner: 76 315377360 299906290 0 0
corner: 77 315694330 300223260 0 0
corner: 78 315334310 300294880 0 0
corner: 79 314978720 300532470 0 0
corner: 80 314741130 300888060 0 0
corner: 81 314657690 301307500 0 0
corner: 82 314741130 301726940 0 0
corner: 83 314978720 302082530 0 0
corner: 84 315334310 302320120 0 0
corner: 85 315431100 302339380 0 0
corner: 86 315334310 302358630 0 0
corner: 87 314978720 302596220 0 0
corner: 88 314741130 302951810 0 0
corner: 89 314657690 303371250 0 0
corner: 90 314741130 303790690 0 0
corner: 91 314978720 304146280 0 0
corner: 92 315334310 304383870 0 0
corner: 93 315431100 304403130 0 0
corner: 94 315334310 304422380 0 0
corner: 95 314978720 304659970 0 0
corner: 96 314741130 305015560 0 0
corner: 97 314657690 305435000 0 0
corner: 98 314741130 305854440 0 0
corner: 99 314978720 306210030 0 0
corner: 100 315334310 306447620 0 0
corner: 101 315753750 306531060 0 0
corner: 102 316173190 306447620 0 0
corner: 103 316528780 306210030 0 0
corner: 104 316560120 306163120 0 1
corner: 105 316173190 320100120 0 0
corner: 106 316528780 319862530 0 0
corner: 107 316766370 319506940 0 0
corner: 108 316849810 319087500 0 0
corner: 109 316766370 318668060 0 0
corner: 110 316528780 318312470 0 0
corner: 111 316173190 318074880 0 0
corner: 112 315753750 317991440 0 0
corner: 113 315334310 318074880 0 0
corner: 114 314978720 318312470 0 0
corner: 115 314741130 318668060 0 0
corner: 116 314657690 319087500 0 0
corner: 117 314741130 319506940 0 0
corner: 118 314978720 319862530 0 0
corner: 119 315334310 320100120 0 0
corner: 120 315431100 320119380 0 0
corner: 121 315334310 320138630 0 0
corner: 122 314978720 320376220 0 0
corner: 123 314741130 320731810 0 0
corner: 124 314657690 321151250 0 0
corner: 125 314741130 321570690 0 0
corner: 126 314978720 321926280 0 0
corner: 127 315334310 322163870 0 0
corner: 128 315431100 322183130 0 0
corner: 129 315334310 322202380 0 0
corner: 130 314978720 322439970 0 0
corner: 131 314741130 322795560 0 0
corner: 132 314657690 323215000 0 0
corner: 133 314741130 323634440 0 0
corner: 134 314978720 323990030 0 0
corner: 135 315334310 324227620 0 0
corner: 136 315753750 324311060 0 0
corner: 137 316173190 324227620 0 0
corner: 138 316528780 323990030 0 0
corner: 139 316766370 323634440 0 0
corner: 140 316849810 323215000 0 0
corner: 141 316766370 322795560 0 0
corner: 142 316528780 322439970 0 0
corner: 143 316173190 322202380 0 0
corner: 144 316076400 322183130 0 0
corner: 145 316173190 322163870 0 0
corner: 146 316528780 321926280 0 0
corner: 147 316766370 321570690 0 0
corner: 148 316849810 321151250 0 0
corner: 149 316766370 320731810 0 0
corner: 150 316528780 320376220 0 0
corner: 151 316173190 320138630 0 0
corner: 152 316076400 320119380 0 1
corner: 153 291842620 292315560 0 0
corner: 154 291605030 291959970 0 0
corner: 155 291249440 291722380 0 0
corner: 156 290830000 291638940 0 0
corner: 157 290410560 291722380 0 0
corner: 158 290054970 291959970 0 0
corner: 159 289817380 292315560 0 0
corner: 160 289733940 292735000 0 0
corner: 161 289817380 293154440 0 0
corner: 162 290054970 293510030 0 0
corner: 163 290410560 293747620 0 0
corner: 164 290830000 293831060 0 0
corner: 165 291249440 293747620 0 0
corner: 166 291605030 293510030 0 0
corner: 167 291842620 293154440 0 0
corner: 168 291926060 292735000 0 1
corner: 169 296922620 292315560 0 0
corner: 170 296685030 291959970 0 0
corner: 171 296329440 291722380 0 0
corner: 172 295910000 291638940 0 0
corner: 173 295490560 291722380 0 0
corner: 174 295134970 291959970 0 0
corner: 175 294897380 292315560 0 0
corner: 176 294813940 292735000 0 0
corner: 177 294897380 293154440 0 0
corner: 178 295134970 293510030 0 0
corner: 179 295490560 293747620 0 0
corner: 180 295910000 293831060 0 0
corner: 181 296329440 293747620 0 0
corner: 182 296685030 293510030 0 0
corner: 183 296922620 293154440 0 0
corner: 184 297006060 292735000 0 1
corner: 185 274263190 311051370 0 0
corner: 186 274618780 310813780 0 0
corner: 187 274856370 310458190 0 0
corner: 188 274939810 310038750 0 0
corner: 189 274856370 309619310 0 0
corner: 190 274618780 309263720 0 0
corner: 191 274263190 309026130 0 0
corner: 192 273843750 308942690 0 0
corner: 193 273424310 309026130 0 0
corner: 194 273068720 309263720 0 0
corner: 195 272831130 309619310 0 0
corner: 196 272747690 310038750 0 0
corner: 197 272831130 310458190 0 0
corner: 198 273068720 310813780 0 0
corner: 199 273424310 311051370 0 0
corner: 200 273843750 311134810 0 1
corner: 201 274263190 316131370 0 0
corner: 202 274618780 315893780 0 0
corner: 203 274856370 315538190 0 0
corner: 204 274939810 315118750 0 0
corner: 205 274856370 314699310 0 0
corner: 206 274618780 314343720 0 0
corner: 207 274263190 314106130 0 0
corner: 208 273843750 314022690 0 0
corner: 209 273424310 314106130 0 0
corner: 210 273068720 314343720 0 0
corner: 211 272831130 314699310 0 0
corner: 212 272747690 315118750 0 0
corner: 213 272831130 315538190 0 0
corner: 214 273068720 315893780 0 0
corner: 215 273424310 316131370 0 0
corner: 216 273843750 316214810 0 1
corner: 217 274263190 318671370 0 0
corner: 218 274618780 318433780 0 0
corner: 219 274856370 318078190 0 0
corner: 220 274939810 317658750 0 0
corner: 221 274856370 317239310 0 0
corner: 222 274618780 316883720 0 0
corner: 223 274263190 316646130 0 0
corner: 224 273843750 316562690 0 0
corner: 225 273424310 316646130 0 0
corner: 226 273068720 316883720 0 0
corner: 227 272831130 317239310 0 0
corner: 228 272747690 317658750 0 0
corner: 229 272831130 318078190 0 0
corner: 230 273068720 318433780 0 0
corner: 231 273424310 318671370 0 0
corner: 232 273843750 318754810 0 1
corner: 233 274263190 323751370 0 0
corner: 234 274618780 323513780 0 0
corner: 235 274856370 323158190 0 0
corner: 236 274939810 322738750 0 0
corner: 237 274856370 322319310 0 0
corner: 238 274618780 321963720 0 0
corner: 239 274263190 321726130 0 0
corner: 240 273843750 321642690 0 0
corner: 241 273424310 321726130 0 0
corner: 242 273068720 321963720 0 0
corner: 243 272831130 322319310 0 0
corner: 244 272747690 322738750 0 0
corner: 245 272831130 323158190 0 0
corner: 246 273068720 323513780 0 0
corner: 247 273424310 323751370 0 0
corner: 248 273843750 323834810 0 1
corner: 249 274263190 305971370 0 0
corner: 250 274618780 305733780 0 0
corner: 251 274856370 305378190 0 0
corner: 252 274939810 304958750 0 0
corner: 253 274856370 304539310 0 0
corner: 254 274618780 304183720 0 0
corner: 255 274263190 303946130 0 0
corner: 256 273843750 303862690 0 0
corner: 257 273424310 303946130 0 0
corner: 258 273068720 304183720 0 0
corner: 259 272831130 304539310 0 0
corner: 260 272747690 304958750 0 0
corner: 261 272831130 305378190 0 0
corner: 262 273068720 305733780 0 0
corner: 263 273424310 305971370 0 0
corner: 264 273843750 306054810 0 1
corner: 265 274263190 313591370 0 0
corner: 266 274618780 313353780 0 0
corner: 267 274856370 312998190 0 0
corner: 268 274939810 312578750 0 0
corner: 269 274856370 312159310 0 0
corner: 270 274618780 311803720 0 0
corner: 271 274263190 311566130 0 0
corner: 272 273843750 311482690 0 0
corner: 273 273424310 311566130 0 0
corner: 274 273068720 311803720 0 0
corner: 275 272831130 312159310 0 0
corner: 276 272747690 312578750 0 0
corner: 277 272831130 312998190 0 0
corner: 278 273068720 313353780 0 0
corner: 279 273424310 313591370 0 0
corner: 280 273843750 313674810 0 1
corner: 281 274263190 321211370 0 0
corner: 282 274618780 320973780 0 0
corner: 283 274856370 320618190 0 0
corner: 284 274939810 320198750 0 0
corner: 285 274856370 319779310 0 0
corner: 286 274618780 319423720 0 0
corner: 287 274263190 319186130 0 0
corner: 288 273843750 319102690 0 0
corner: 289 273424310 319186130 0 0
corner: 290 273068720 319423720 0 0
corner: 291 272831130 319779310 0 0
corner: 292 272747690 320198750 0 0
corner: 293 272831130 320618190 0 0
corner: 294 273068720 320973780 0 0
corner: 295 273424310 321211370 0 0
corner: 296 273843750 321294810 0 1
corner: 297 274263190 303431370 0 0
corner: 298 274618780 303193780 0 0
corner: 299 274856370 302838190 0 0
corner: 300 274939810 302418750 0 0
corner: 301 274856370 301999310 0 0
corner: 302 274618780 301643720 0 0
corner: 303 274263190 301406130 0 0
corner: 304 273843750 301322690 0 0
corner: 305 273424310 301406130 0 0
corner: 306 273068720 301643720 0 0
corner: 307 272831130 301999310 0 0
corner: 308 272747690 302418750 0 0
corner: 309 272831130 302838190 0 0
corner: 310 273068720 303193780 0 0
corner: 311 273424310 303431370 0 0
corner: 312 273843750 303514810 0 1
end
