sm_cutout: 4 0 10
corner: 1 306707502 297193032 0 0
corner: 2 308122840 298605915 0 0
corner: 3 307239826 299490668 0 0
corner: 4 305824161 298078112 0 1
sm_cutout: 4 2 10
corner: 1 306707502 297193032 0 0
corner: 2 308122840 298605915 0 0
corner: 3 307239826 299490668 0 0
corner: 4 305824161 298078112 0 1
sm_cutout: 4 0 10
corner: 1 310941577 295783721 0 0
corner: 2 309525913 294371165 0 0
corner: 3 310408722 293486208 0 0
corner: 4 311824713 294898437 0 1
sm_cutout: 4 2 10
corner: 1 310941577 295783721 0 0
corner: 2 309525913 294371165 0 0
corner: 3 310408722 293486208 0 0
corner: 4 311824713 294898437 0 1
end
