name: "TOP_LINES_ID1002"
units: NM
sel_rect: -254000 -2254000 25654000 254000
ref_text: 300000 0 0 0 10000
value_text: 300000 0 0 0 10000
centroid: 0 0 0 0
outline_polyline: 200000 0 0
next_corner: 0 -2000000 0
next_corner: 25400000 -2000000 0
next_corner: 25400000 0 0
close_polyline: 0
text: "IMPORT P-CAD: TOP_LINES...." 1000000 600000 -1400000 0 200000 0 4
outline_polyline: 25400 19377848 50195744
next_corner: 18968552 49923744 0
outline_polyline: 25400 18968552 49923744
next_corner: 18593448 49640648 0
outline_polyline: 25400 18593448 49640648
next_corner: 18254952 49348544 0
outline_polyline: 25400 18254952 49348544
next_corner: 17954848 49049848 0
outline_polyline: 25400 17954848 49049848
next_corner: 17695648 48746448 0
outline_polyline: 25400 17695648 48746448
next_corner: 17479152 48441048 0
outline_polyline: 25400 17479152 48441048
next_corner: 17307552 48135744 0
outline_polyline: 25400 17307552 48135744
next_corner: 17182848 47832848 0
outline_polyline: 25400 17182848 47832848
next_corner: 17107448 47534448 0
outline_polyline: 25400 17107448 47534448
next_corner: 17083048 47243048 0
outline_polyline: 25400 17083048 47243048
next_corner: 17111952 46960648 0
outline_polyline: 25400 17111952 46960648
next_corner: 17176648 46689848 0
outline_polyline: 25400 17176648 46689848
next_corner: 17101152 46920544 0
outline_polyline: 25400 17101152 46920544
next_corner: 17066352 47160048 0
outline_polyline: 25400 17066352 47160048
next_corner: 17070952 47406544 0
outline_polyline: 25400 17070952 47406544
next_corner: 17113448 47658944 0
outline_polyline: 25400 17113448 47658944
next_corner: 17192952 47915448 0
outline_polyline: 25400 17192952 47915448
next_corner: 17307648 48175048 0
outline_polyline: 25400 17307648 48175048
next_corner: 17456552 48436048 0
outline_polyline: 25400 17456552 48436048
next_corner: 17638248 48697248 0
outline_polyline: 25400 17638248 48697248
next_corner: 17851552 48956944 0
outline_polyline: 25400 17851552 48956944
next_corner: 18094952 49214048 0
outline_polyline: 25400 18094952 49214048
next_corner: 18367352 49466848 0
outline_polyline: 25400 18367352 49466848
next_corner: 18667152 49714344 0
outline_polyline: 25400 18667152 49714344
next_corner: 18993352 49954648 0
outline_polyline: 25400 18993352 49954648
next_corner: 19344352 50186744 0
outline_polyline: 25400 18147648 46698344
next_corner: 18034752 46897744 0
outline_polyline: 25400 18034752 46897744
next_corner: 17969648 47116344 0
outline_polyline: 25400 17969648 47116344
next_corner: 17952648 47347848 0
outline_polyline: 25400 17952648 47347848
next_corner: 17981848 47589544 0
outline_polyline: 25400 17981848 47589544
next_corner: 18054648 47839544 0
outline_polyline: 25400 19916848 50267848
next_corner: 19732152 49918448 0
outline_polyline: 25400 19732152 49918448
next_corner: 19562048 49572248 0
outline_polyline: 25400 19562048 49572248
next_corner: 19406248 49229848 0
outline_polyline: 25400 19406248 49229848
next_corner: 19265152 48891544 0
outline_polyline: 25400 19265152 48891544
next_corner: 19138152 48558248 0
outline_polyline: 25400 19138152 48558248
next_corner: 19025448 48229944 0
outline_polyline: 25400 19025448 48229944
next_corner: 18926752 47907648 0
outline_polyline: 25400 18926752 47907648
next_corner: 18842352 47591248 0
outline_polyline: 25400 18842352 47591248
next_corner: 18771648 47281744 0
outline_polyline: 25400 18771648 47281744
next_corner: 18714848 46979344 0
outline_polyline: 25400 18714848 46979344
next_corner: 18671648 46684848 0
outline_polyline: 25400 19855352 46314544
next_corner: 19930952 46310744 0
outline_polyline: 25400 19930952 46310744
next_corner: 20006552 46307744 0
outline_polyline: 25400 20006552 46307744
next_corner: 20082152 46305344 0
outline_polyline: 25400 20082152 46305344
next_corner: 20157648 46303544 0
outline_polyline: 25400 20157648 46303544
next_corner: 20233248 46302344 0
outline_polyline: 25400 20233248 46302344
next_corner: 20308848 46301744 0
outline_polyline: 25400 20308848 46301744
next_corner: 20384448 46301744 0
outline_polyline: 25400 20384448 46301744
next_corner: 20459752 46302544 0
outline_polyline: 25400 20459752 46302544
next_corner: 20483248 46424648 0
outline_polyline: 25400 20483248 46424648
next_corner: 20507048 46546944 0
outline_polyline: 25400 20507048 46546944
next_corner: 20531152 46669048 0
outline_polyline: 25400 20531152 46669048
next_corner: 20555552 46791448 0
outline_polyline: 25400 20555552 46791448
next_corner: 20580552 46913648 0
outline_polyline: 25400 20580552 46913648
next_corner: 20605752 47036048 0
outline_polyline: 25400 20605752 47036048
next_corner: 20631448 47158448 0
outline_polyline: 25400 20631448 47158448
next_corner: 20657448 47280848 0
outline_polyline: 25400 20657448 47280848
next_corner: 20684152 47402944 0
outline_polyline: 25400 20684152 47402944
next_corner: 20711152 47525344 0
outline_polyline: 25400 20711152 47525344
next_corner: 20738648 47647544 0
outline_polyline: 25400 20738648 47647544
next_corner: 20766552 47769944 0
outline_polyline: 25400 20766552 47769944
next_corner: 20795152 47892048 0
outline_polyline: 25400 20795152 47892048
next_corner: 20824152 48014248 0
outline_polyline: 25400 20824152 48014248
next_corner: 20853752 48136344 0
outline_polyline: 25400 20853752 48136344
next_corner: 20883752 48258544 0
outline_polyline: 25400 20883752 48258544
next_corner: 20914648 48380944 0
outline_polyline: 25400 20914648 48380944
next_corner: 20946152 48503344 0
outline_polyline: 25400 20946152 48503344
next_corner: 20978152 48625744 0
outline_polyline: 25400 20978152 48625744
next_corner: 21010552 48748144 0
outline_polyline: 25400 21010552 48748144
next_corner: 21043648 48870344 0
outline_polyline: 25400 21043648 48870344
next_corner: 21077248 48992744 0
outline_polyline: 25400 21077248 48992744
next_corner: 21111248 49115144 0
outline_polyline: 25400 21111248 49115144
next_corner: 21145648 49237544 0
outline_polyline: 25400 21145648 49237544
next_corner: 21180752 49359648 0
outline_polyline: 25400 21180752 49359648
next_corner: 21216048 49482048 0
outline_polyline: 25400 21216048 49482048
next_corner: 21251848 49604248 0
outline_polyline: 25400 21251848 49604248
next_corner: 21287952 49726648 0
outline_polyline: 25400 21287952 49726648
next_corner: 21324648 49848944 0
outline_polyline: 25400 21324648 49848944
next_corner: 21361552 49971344 0
outline_polyline: 25400 21361552 49971344
next_corner: 21398848 50093744 0
outline_polyline: 25400 21398848 50093744
next_corner: 21436248 50216144 0
outline_polyline: 25400 21436248 50216144
next_corner: 21362448 50187744 0
outline_polyline: 25400 21362448 50187744
next_corner: 21288352 50158944 0
outline_polyline: 25400 21288352 50158944
next_corner: 21214552 50129344 0
outline_polyline: 25400 21214552 50129344
next_corner: 21140448 50099248 0
outline_polyline: 25400 21140448 50099248
next_corner: 21066648 50068248 0
outline_polyline: 25400 21066648 50068248
next_corner: 20992552 50036744 0
outline_polyline: 25400 20992552 50036744
next_corner: 20918552 50004344 0
outline_polyline: 25400 20918552 50004344
next_corner: 20844448 49971448 0
outline_polyline: 25400 20844448 49971448
next_corner: 20770648 49937544 0
outline_polyline: 25400 20770648 49937544
next_corner: 20696552 49903248 0
outline_polyline: 25400 20696552 49903248
next_corner: 20622752 49867944 0
outline_polyline: 25400 20622752 49867944
next_corner: 20548648 49832144 0
outline_polyline: 25400 20548648 49832144
next_corner: 20474848 49795448 0
outline_polyline: 25400 20474848 49795448
next_corner: 20400752 49758248 0
outline_polyline: 25400 20400752 49758248
next_corner: 20259200 49681448 0
outline_polyline: 12700 20259200 49681448
next_corner: 20252848 49681448 0
outline_polyline: 25400 20252848 49681448
next_corner: 20207848 49577648 0
outline_polyline: 25400 20207848 49577648
next_corner: 20163552 49474048 0
outline_polyline: 25400 20163552 49474048
next_corner: 20120152 49370448 0
outline_polyline: 25400 20120152 49370448
next_corner: 20077448 49266944 0
outline_polyline: 25400 20077448 49266944
next_corner: 20035848 49163448 0
outline_polyline: 25400 20035848 49163448
next_corner: 19994952 49059944 0
outline_polyline: 25400 19994952 49059944
next_corner: 19954952 48956448 0
outline_polyline: 25400 19954952 48956448
next_corner: 19915752 48852944 0
outline_polyline: 25400 19915752 48852944
next_corner: 19877648 48749144 0
outline_polyline: 25400 19877648 48749144
next_corner: 19840352 48645648 0
outline_polyline: 25400 19840352 48645648
next_corner: 19803952 48542048 0
outline_polyline: 25400 19803952 48542048
next_corner: 19768352 48438544 0
outline_polyline: 25400 19768352 48438544
next_corner: 19733752 48334744 0
outline_polyline: 25400 19733752 48334744
next_corner: 19700048 48231048 0
outline_polyline: 25400 19700048 48231048
next_corner: 19667248 48127248 0
outline_polyline: 25400 19667248 48127248
next_corner: 19635248 48023544 0
outline_polyline: 25400 19635248 48023544
next_corner: 19604752 47920144 0
outline_polyline: 25400 19604752 47920144
next_corner: 19574952 47816944 0
outline_polyline: 25400 19574952 47816944
next_corner: 19546048 47713448 0
outline_polyline: 25400 19546048 47713448
next_corner: 19517952 47610144 0
outline_polyline: 25400 19517952 47610144
next_corner: 19491048 47506448 0
outline_polyline: 25400 19491048 47506448
next_corner: 19464752 47402944 0
outline_polyline: 25400 19464752 47402944
next_corner: 19439448 47299248 0
outline_polyline: 25400 19439448 47299248
next_corner: 19414952 47195744 0
outline_polyline: 25400 19414952 47195744
next_corner: 19391552 47091944 0
outline_polyline: 25400 19391552 47091944
next_corner: 19368848 46988344 0
outline_polyline: 25400 19368848 46988344
next_corner: 19347152 46884544 0
outline_polyline: 25400 19347152 46884544
next_corner: 19326152 46781048 0
outline_polyline: 25400 19326152 46781048
next_corner: 19306248 46677248 0
outline_polyline: 25400 25808848 48000648
next_corner: 25518648 47754744 0
outline_polyline: 25400 25518648 47754744
next_corner: 25200648 47516648 0
outline_polyline: 25400 25200648 47516648
next_corner: 24856848 47288944 0
outline_polyline: 25400 24856848 47288944
next_corner: 24489848 47073448 0
outline_polyline: 25400 24489848 47073448
next_corner: 24101752 46872544 0
outline_polyline: 25400 24101752 46872544
next_corner: 23694952 46688448 0
outline_polyline: 25400 23694952 46688448
next_corner: 23271648 46523448 0
outline_polyline: 25400 23271648 46523448
next_corner: 22839848 46378944 0
outline_polyline: 25400 22839848 46378944
next_corner: 22407152 46255944 0
outline_polyline: 25400 22407152 46255944
next_corner: 21976952 46154248 0
outline_polyline: 25400 21976952 46154248
next_corner: 21552248 46074544 0
outline_polyline: 25400 21552248 46074544
next_corner: 21136448 46016648 0
outline_polyline: 25400 21136448 46016648
next_corner: 20732352 45981048 0
outline_polyline: 25400 20732352 45981048
next_corner: 20343352 45967848 0
outline_polyline: 25400 20343352 45967848
next_corner: 19972352 45977448 0
outline_polyline: 25400 19972352 45977448
next_corner: 19622848 46009744 0
outline_polyline: 25400 23428752 51652944
next_corner: 23930352 51708544 0
outline_polyline: 25400 23930352 51708544
next_corner: 24414752 51734744 0
outline_polyline: 25400 24414752 51734744
next_corner: 24879152 51731448 0
outline_polyline: 25400 24879152 51731448
next_corner: 25319952 51699248 0
outline_polyline: 25400 25319952 51699248
next_corner: 25734448 51638248 0
outline_polyline: 25400 25734448 51638248
next_corner: 26118848 51549048 0
outline_polyline: 25400 26118848 51549048
next_corner: 26470448 51431848 0
outline_polyline: 25400 26470448 51431848
next_corner: 26785648 51287248 0
outline_polyline: 25400 26785648 51287248
next_corner: 27061552 51115248 0
outline_polyline: 25400 27061552 51115248
next_corner: 27294752 50916448 0
outline_polyline: 25400 27294752 50916448
next_corner: 27482152 50691048 0
outline_polyline: 25400 27482152 50691048
next_corner: 27620248 50439648 0
outline_polyline: 25400 27620248 50439648
next_corner: 27704648 50168544 0
outline_polyline: 25400 27704648 50168544
next_corner: 27733552 49886248 0
outline_polyline: 25400 27733552 49886248
next_corner: 27709248 49594744 0
outline_polyline: 25400 27709248 49594744
next_corner: 27633648 49296448 0
outline_polyline: 25400 27633648 49296448
next_corner: 27509152 48993344 0
outline_polyline: 25400 27509152 48993344
next_corner: 27337448 48688048 0
outline_polyline: 25400 27337448 48688048
next_corner: 27121048 48382648 0
outline_polyline: 25400 27121048 48382648
next_corner: 26861648 48079544 0
outline_polyline: 25400 26861648 48079544
next_corner: 26561848 47780744 0
outline_polyline: 25400 26561848 47780744
next_corner: 26223248 47488648 0
outline_polyline: 25400 26223248 47488648
next_corner: 25848248 47205448 0
outline_polyline: 25400 25848248 47205448
next_corner: 25438752 46933648 0
outline_polyline: 25400 25438752 46933648
next_corner: 24997152 46675048 0
outline_polyline: 25400 24997152 46675048
next_corner: 24525152 46432344 0
outline_polyline: 25400 24525152 46432344
next_corner: 24025248 46207544 0
outline_polyline: 25400 24025248 46207544
next_corner: 23499152 46003248 0
outline_polyline: 25400 23499152 46003248
next_corner: 22962048 45825144 0
outline_polyline: 25400 22962048 45825144
next_corner: 22428848 45678248 0
outline_polyline: 25400 22428848 45678248
next_corner: 21903152 45562048 0
outline_polyline: 25400 21903152 45562048
next_corner: 21387848 45476344 0
outline_polyline: 25400 21387848 45476344
next_corner: 20886448 45420448 0
outline_polyline: 25400 20886448 45420448
next_corner: 20401952 45394448 0
outline_polyline: 25400 20401952 45394448
next_corner: 19937648 45397744 0
outline_polyline: 25400 19937648 45397744
next_corner: 19496552 45430144 0
outline_polyline: 25400 18169152 48095048
next_corner: 18322848 48354144 0
outline_polyline: 25400 18322848 48354144
next_corner: 18513648 48614144 0
outline_polyline: 25400 18513648 48614144
next_corner: 18739048 48873248 0
outline_polyline: 25400 18739048 48873248
next_corner: 18997248 49128448 0
outline_polyline: 25400 18997248 49128448
next_corner: 19285648 49377944 0
outline_polyline: 25400 19285648 49377944
next_corner: 19602048 49619248 0
outline_polyline: 25400 19602048 49619248
next_corner: 19944152 49850144 0
outline_polyline: 25400 19944152 49850144
next_corner: 20310048 50067944 0
outline_polyline: 25400 20310048 50067944
next_corner: 20697152 50270848 0
outline_polyline: 25400 20697152 50270848
next_corner: 21103248 50456144 0
outline_polyline: 25400 21310648 46438344
next_corner: 21241152 46431048 0
outline_polyline: 25400 21241152 46431048
next_corner: 21168448 46423744 0
outline_polyline: 25400 21168448 46423744
next_corner: 21092152 46416144 0
outline_polyline: 25400 21092152 46416144
next_corner: 21011552 46408248 0
outline_polyline: 25400 21011552 46408248
next_corner: 21064848 46664448 0
outline_polyline: 25400 21064848 46664448
next_corner: 21117848 46919248 0
outline_polyline: 25400 21117848 46919248
next_corner: 21171048 47172448 0
outline_polyline: 25400 21171048 47172448
next_corner: 21224552 47424448 0
outline_polyline: 25400 21224552 47424448
next_corner: 21278848 47675248 0
outline_polyline: 25400 21278848 47675248
next_corner: 21333752 47925144 0
outline_polyline: 25400 21333752 47925144
next_corner: 21389848 48174144 0
outline_polyline: 25400 21389848 48174144
next_corner: 21447048 48422648 0
outline_polyline: 25400 21447048 48422648
next_corner: 21506152 48670344 0
outline_polyline: 25400 21506152 48670344
next_corner: 21566848 48917744 0
outline_polyline: 25400 21566848 48917744
next_corner: 21629752 49164944 0
outline_polyline: 25400 21629752 49164944
next_corner: 21694752 49412248 0
outline_polyline: 25400 21694752 49412248
next_corner: 21762448 49659448 0
outline_polyline: 25400 21762448 49659448
next_corner: 21832848 49906944 0
outline_polyline: 25400 21832848 49906944
next_corner: 21906352 50154848 0
outline_polyline: 25400 21906352 50154848
next_corner: 21979752 50398744 0
outline_polyline: 25400 21979752 50398744
next_corner: 22123848 50443544 0
outline_polyline: 25400 22123848 50443544
next_corner: 22263152 50483848 0
outline_polyline: 25400 22263152 50483848
next_corner: 22401248 50523648 0
outline_polyline: 25400 22401248 50523648
next_corner: 22538448 50562448 0
outline_polyline: 25400 22538448 50562448
next_corner: 22675352 50599344 0
outline_polyline: 25400 22675352 50599344
next_corner: 22811952 50634048 0
outline_polyline: 25400 22811952 50634048
next_corner: 22949048 50665744 0
outline_polyline: 25400 22949048 50665744
next_corner: 23086648 50693848 0
outline_polyline: 25400 23086648 50693848
next_corner: 23225448 50717544 0
outline_polyline: 25400 23225448 50717544
next_corner: 23365552 50736648 0
outline_polyline: 25400 23365552 50736648
next_corner: 23507552 50750248 0
outline_polyline: 25400 23507552 50750248
next_corner: 23651648 50757944 0
outline_polyline: 25400 23651648 50757944
next_corner: 23798448 50758744 0
outline_polyline: 25400 23798448 50758744
next_corner: 23947952 50752448 0
outline_polyline: 25400 23947952 50752448
next_corner: 24100952 50738048 0
outline_polyline: 25400 24100952 50738048
next_corner: 24257352 50715344 0
outline_polyline: 25400 24257352 50715344
next_corner: 24337352 50695848 0
outline_polyline: 25400 24337352 50695848
next_corner: 24408248 50677648 0
outline_polyline: 25400 24408248 50677648
next_corner: 24471048 50660048 0
outline_polyline: 25400 24471048 50660048
next_corner: 24526552 50643248 0
outline_polyline: 25400 24526552 50643248
next_corner: 24575848 50626648 0
outline_polyline: 25400 24575848 50626648
next_corner: 24619552 50610144 0
outline_polyline: 25400 24619552 50610144
next_corner: 24658848 50593448 0
outline_polyline: 25400 24658848 50593448
next_corner: 24694352 50576544 0
outline_polyline: 25400 24694352 50576544
next_corner: 24727248 50558744 0
outline_polyline: 25400 24727248 50558744
next_corner: 24758152 50540248 0
outline_polyline: 25400 24758152 50540248
next_corner: 24788048 50520648 0
outline_polyline: 25400 24788048 50520648
next_corner: 24817552 50499744 0
outline_polyline: 25400 24817552 50499744
next_corner: 24848152 50477048 0
outline_polyline: 25400 24848152 50477048
next_corner: 24880152 50452744 0
outline_polyline: 25400 24880152 50452744
next_corner: 24914752 50426248 0
outline_polyline: 25400 24914752 50426248
next_corner: 24952648 50397544 0
outline_polyline: 25400 24952648 50397544
next_corner: 24987448 50362744 0
outline_polyline: 25400 24987448 50362744
next_corner: 25021048 50326144 0
outline_polyline: 25400 25021048 50326144
next_corner: 25053248 50287448 0
outline_polyline: 25400 25053248 50287448
next_corner: 25083648 50246848 0
outline_polyline: 25400 25083648 50246848
next_corner: 25112248 50203848 0
outline_polyline: 25400 25112248 50203848
next_corner: 25138448 50158848 0
outline_polyline: 25400 25138448 50158848
next_corner: 25162248 50111448 0
outline_polyline: 25400 25162248 50111448
next_corner: 25182952 50061848 0
outline_polyline: 25400 25182952 50061848
next_corner: 25200752 50009544 0
outline_polyline: 25400 25200752 50009544
next_corner: 25215048 49954848 0
outline_polyline: 25400 25215048 49954848
next_corner: 25225648 49897544 0
outline_polyline: 25400 25225648 49897544
next_corner: 25232152 49837744 0
outline_polyline: 25400 25232152 49837744
next_corner: 25234552 49774944 0
outline_polyline: 25400 25234552 49774944
next_corner: 25232248 49709544 0
outline_polyline: 25400 25232248 49709544
next_corner: 25225152 49641344 0
outline_polyline: 25400 25225152 49641344
next_corner: 25212752 49570248 0
outline_polyline: 25400 25212752 49570248
next_corner: 25196952 49494048 0
outline_polyline: 25400 25196952 49494048
next_corner: 25180752 49420544 0
outline_polyline: 25400 25180752 49420544
next_corner: 25164248 49349248 0
outline_polyline: 25400 25164248 49349248
next_corner: 25146848 49280144 0
outline_polyline: 25400 25146848 49280144
next_corner: 25128752 49212544 0
outline_polyline: 25400 25128752 49212544
next_corner: 25109552 49146744 0
outline_polyline: 25400 25109552 49146744
next_corner: 25089048 49082248 0
outline_polyline: 25400 25089048 49082248
next_corner: 25066952 49018944 0
outline_polyline: 25400 25066952 49018944
next_corner: 25043352 48956448 0
outline_polyline: 25400 25043352 48956448
next_corner: 25017752 48894744 0
outline_polyline: 25400 25017752 48894744
next_corner: 24990152 48833448 0
outline_polyline: 25400 24990152 48833448
next_corner: 24960048 48772544 0
outline_polyline: 25400 24960048 48772544
next_corner: 24927648 48711544 0
outline_polyline: 25400 24927648 48711544
next_corner: 24892448 48650448 0
outline_polyline: 25400 24892448 48650448
next_corner: 24854352 48588944 0
outline_polyline: 25400 24854352 48588944
next_corner: 24812952 48526944 0
outline_polyline: 25400 24812952 48526944
next_corner: 24740048 48423744 0
outline_polyline: 25400 24740048 48423744
next_corner: 24665048 48324848 0
outline_polyline: 25400 24665048 48324848
next_corner: 24588152 48230048 0
outline_polyline: 25400 24588152 48230048
next_corner: 24508848 48139744 0
outline_polyline: 25400 24508848 48139744
next_corner: 24427248 48053344 0
outline_polyline: 25400 24427248 48053344
next_corner: 24342952 47971344 0
outline_polyline: 25400 24342952 47971344
next_corner: 24255752 47893344 0
outline_polyline: 25400 24255752 47893344
next_corner: 24165352 47819544 0
outline_polyline: 25400 24165352 47819544
next_corner: 24071952 47749448 0
outline_polyline: 25400 24071952 47749448
next_corner: 23975048 47683648 0
outline_polyline: 25400 23975048 47683648
next_corner: 23874552 47621648 0
outline_polyline: 25400 23874552 47621648
next_corner: 23769952 47563848 0
outline_polyline: 25400 23769952 47563848
next_corner: 23661448 47509744 0
outline_polyline: 25400 23661448 47509744
next_corner: 23548648 47459648 0
outline_polyline: 25400 23548648 47459648
next_corner: 23431448 47413344 0
outline_polyline: 25400 23431448 47413344
next_corner: 22287048 47179248 0
outline_polyline: 25400 22287048 47179248
next_corner: 22129952 46571248 0
outline_polyline: 25400 22129952 46571248
next_corner: 22049648 46553448 0
outline_polyline: 25400 22049648 46553448
next_corner: 21973352 46537544 0
outline_polyline: 25400 21973352 46537544
next_corner: 21900752 46523048 0
outline_polyline: 25400 21900752 46523048
next_corner: 21831048 46510144 0
outline_polyline: 25400 21831048 46510144
next_corner: 21764048 46498248 0
outline_polyline: 25400 21764048 46498248
next_corner: 21698552 46487648 0
outline_polyline: 25400 21698552 46487648
next_corner: 21634552 46477944 0
outline_polyline: 25400 21634552 46477944
next_corner: 21570848 46469144 0
outline_polyline: 25400 21570848 46469144
next_corner: 21507448 46460744 0
outline_polyline: 25400 21507448 46460744
next_corner: 21443152 46453048 0
outline_polyline: 25400 21443152 46453048
next_corner: 21377952 46445544 0
outline_polyline: 25400 21377952 46445544
next_corner: 21310648 46438344 0
outline_polyline: 12700 22136304 46571248
next_corner: 22136304 46571248 0
outline_polyline: 12700 26175104 51528848
next_corner: 26168752 51528848 0
outline_polyline: 25400 26168752 51528848
next_corner: 26298152 51487448 0
outline_polyline: 25400 26298152 51487448
next_corner: 26422848 51442544 0
outline_polyline: 25400 26422848 51442544
next_corner: 26542848 51393944 0
outline_polyline: 25400 26542848 51393944
next_corner: 26657952 51341848 0
outline_polyline: 25400 26657952 51341848
next_corner: 26768152 51286048 0
outline_polyline: 25400 26768152 51286048
next_corner: 26872848 51226744 0
outline_polyline: 25400 26872848 51226744
next_corner: 26972352 51163744 0
outline_polyline: 25400 26972352 51163744
next_corner: 27066152 51097448 0
outline_polyline: 25400 27066152 51097448
next_corner: 27154552 51027248 0
outline_polyline: 25400 27154552 51027248
next_corner: 27236952 50953744 0
outline_polyline: 25400 27236952 50953744
next_corner: 27313448 50876648 0
outline_polyline: 25400 27313448 50876648
next_corner: 27383752 50796248 0
outline_polyline: 25400 27383752 50796248
next_corner: 27448048 50712144 0
outline_polyline: 25400 27448048 50712144
next_corner: 27505648 50624744 0
outline_polyline: 25400 27505648 50624744
next_corner: 27556648 50533848 0
outline_polyline: 25400 27556648 50533848
next_corner: 27600848 50439648 0
outline_polyline: 25400 27600848 50439648
next_corner: 27677648 50203744 0
outline_polyline: 25400 27677648 50203744
next_corner: 27711952 49959144 0
outline_polyline: 25400 27711952 49959144
next_corner: 27705248 49707048 0
outline_polyline: 25400 27705248 49707048
next_corner: 27658952 49449344 0
outline_polyline: 25400 27658952 49449344
next_corner: 27574648 49186944 0
outline_polyline: 25400 27574648 49186944
next_corner: 27453448 48921848 0
outline_polyline: 25400 27453448 48921848
next_corner: 27296848 48655248 0
outline_polyline: 25400 27296848 48655248
next_corner: 27106152 48388944 0
outline_polyline: 25400 27106152 48388944
next_corner: 26883152 48123944 0
outline_polyline: 25400 26883152 48123944
next_corner: 26628752 47862344 0
outline_polyline: 25400 26628752 47862344
next_corner: 26344552 47605248 0
outline_polyline: 25400 26344552 47605248
next_corner: 26031848 47354448 0
outline_polyline: 25400 26031848 47354448
next_corner: 25692248 47111048 0
outline_polyline: 25400 25692248 47111048
next_corner: 25326952 46876848 0
outline_polyline: 25400 25326952 46876848
next_corner: 24937448 46653248 0
outline_polyline: 25400 24937448 46653248
next_corner: 24525048 46442048 0
outline_polyline: 25400 24525048 46442048
next_corner: 24728448 46781544 0
outline_polyline: 25400 24728448 46781544
next_corner: 24917648 47121048 0
outline_polyline: 25400 24917648 47121048
next_corner: 25093048 47459648 0
outline_polyline: 25400 25093048 47459648
next_corner: 25254448 47797048 0
outline_polyline: 25400 25254448 47797048
next_corner: 25402352 48132344 0
outline_polyline: 25400 25402352 48132344
next_corner: 25536648 48465248 0
outline_polyline: 25400 25536648 48465248
next_corner: 25657648 48795048 0
outline_polyline: 25400 25657648 48795048
next_corner: 25765248 49121344 0
outline_polyline: 25400 25765248 49121344
next_corner: 25860048 49443144 0
outline_polyline: 25400 25860048 49443144
next_corner: 25941752 49760248 0
outline_polyline: 25400 25941752 49760248
next_corner: 26010752 50071848 0
outline_polyline: 25400 26010752 50071848
next_corner: 26066952 50377648 0
outline_polyline: 25400 26066952 50377648
next_corner: 26110848 50676648 0
outline_polyline: 25400 26068648 48252544
next_corner: 26296152 48507744 0
outline_polyline: 25400 26296152 48507744
next_corner: 26488648 48764344 0
outline_polyline: 25400 26488648 48764344
next_corner: 26644048 49019944 0
outline_polyline: 25400 26644048 49019944
next_corner: 26759848 49272744 0
outline_polyline: 25400 26759848 49272744
next_corner: 26834048 49520048 0
outline_polyline: 25400 26834048 49520048
next_corner: 26863952 49760048 0
outline_polyline: 25400 26863952 49760048
next_corner: 26847648 49990248 0
outline_polyline: 25400 26847648 49990248
next_corner: 26782448 50208648 0
outline_polyline: 25400 26782448 50208648
next_corner: 26669552 50408144 0
outline_polyline: 25400 26669552 50408144
next_corner: 26512952 50584144 0
outline_polyline: 25400 26512952 50584144
next_corner: 26315848 50736448 0
outline_polyline: 25400 26315848 50736448
next_corner: 26081448 50865448 0
outline_polyline: 25400 26081448 50865448
next_corner: 25813152 50970848 0
outline_polyline: 25400 25813152 50970848
next_corner: 25513848 51053048 0
outline_polyline: 25400 25513848 51053048
next_corner: 25186952 51112048 0
outline_polyline: 25400 25186952 51112048
next_corner: 24835352 51148248 0
outline_polyline: 25400 24835352 51148248
next_corner: 24462752 51161248 0
outline_polyline: 25400 24462752 51161248
next_corner: 24071952 51151648 0
outline_polyline: 25400 24071952 51151648
next_corner: 23666248 51119248 0
outline_polyline: 25400 23666248 51119248
next_corner: 23248752 51064448 0
outline_polyline: 25400 23248752 51064448
next_corner: 22822952 50987048 0
outline_polyline: 25400 22822952 50987048
next_corner: 22391752 50887544 0
outline_polyline: 25400 22391752 50887544
next_corner: 21958448 50765744 0
outline_polyline: 25400 21958448 50765744
next_corner: 21532400 50621944 0
outline_polyline: 12700 21532400 50621944
next_corner: 21549752 50628744 0
outline_polyline: 25400 21549752 50628744
next_corner: 21019752 50418744 0
outline_polyline: 12700 21989200 50403448
next_corner: 21989200 50403448 0
outline_polyline: 12700 21323504 51126344
next_corner: 21323504 51126344 0
outline_polyline: 25400 21323504 51126344
next_corner: 20739752 50898744 0
outline_polyline: 25400 21279752 51108744
next_corner: 21854552 51304144 0
outline_polyline: 25400 21854552 51304144
next_corner: 22387752 51451048 0
outline_polyline: 25400 22387752 51451048
next_corner: 22913552 51567144 0
outline_polyline: 25400 23222048 48276544
next_corner: 23266848 48289448 0
outline_polyline: 25400 23266848 48289448
next_corner: 23309048 48304344 0
outline_polyline: 25400 23309048 48304344
next_corner: 23348552 48321248 0
outline_polyline: 25400 23348552 48321248
next_corner: 23385952 48339448 0
outline_polyline: 25400 23385952 48339448
next_corner: 23420952 48359144 0
outline_polyline: 25400 23420952 48359144
next_corner: 23454048 48379848 0
outline_polyline: 25400 23454048 48379848
next_corner: 23485248 48401448 0
outline_polyline: 25400 23485248 48401448
next_corner: 23514952 48423344 0
outline_polyline: 25400 23514952 48423344
next_corner: 23543152 48445544 0
outline_polyline: 25400 23543152 48445544
next_corner: 23570152 48467744 0
outline_polyline: 25400 23570152 48467744
next_corner: 23595752 48489944 0
outline_polyline: 25400 23595752 48489944
next_corner: 23620552 48511448 0
outline_polyline: 25400 23620552 48511448
next_corner: 23644552 48532344 0
outline_polyline: 25400 23644552 48532344
next_corner: 23667952 48552144 0
outline_polyline: 25400 23667952 48552144
next_corner: 23690848 48570744 0
outline_polyline: 25400 23690848 48570744
next_corner: 23714352 48591944 0
outline_polyline: 25400 23714352 48591944
next_corner: 23738648 48619944 0
outline_polyline: 25400 23738648 48619944
next_corner: 23763648 48653648 0
outline_polyline: 25400 23763648 48653648
next_corner: 23788952 48692448 0
outline_polyline: 25400 23788952 48692448
next_corner: 23814552 48734944 0
outline_polyline: 25400 23814552 48734944
next_corner: 23839848 48780744 0
outline_polyline: 25400 23839848 48780744
next_corner: 23864752 48828744 0
outline_polyline: 25400 23864752 48828744
next_corner: 23888848 48878144 0
outline_polyline: 25400 23888848 48878144
next_corner: 23912152 48927648 0
outline_polyline: 25400 23912152 48927648
next_corner: 23933952 48976848 0
outline_polyline: 25400 23933952 48976848
next_corner: 23954248 49024648 0
outline_polyline: 25400 23954248 49024648
next_corner: 23972552 49070248 0
outline_polyline: 25400 23972552 49070248
next_corner: 23988848 49112544 0
outline_polyline: 25400 23988848 49112544
next_corner: 24002552 49150944 0
outline_polyline: 25400 24002552 49150944
next_corner: 24013648 49184248 0
outline_polyline: 25400 24013648 49184248
next_corner: 24021552 49211848 0
outline_polyline: 25400 24021552 49211848
next_corner: 24027848 49237248 0
outline_polyline: 25400 24027848 49237248
next_corner: 24033352 49265744 0
outline_polyline: 25400 24033352 49265744
next_corner: 24038352 49296744 0
outline_polyline: 25400 24038352 49296744
next_corner: 24042552 49330048 0
outline_polyline: 25400 24042552 49330048
next_corner: 24046152 49364648 0
outline_polyline: 25400 24046152 49364648
next_corner: 24048648 49400448 0
outline_polyline: 25400 24048648 49400448
next_corner: 24050352 49436648 0
outline_polyline: 25400 24050352 49436648
next_corner: 24050752 49472944 0
outline_polyline: 25400 24050752 49472944
next_corner: 24050352 49508544 0
outline_polyline: 25400 24050352 49508544
next_corner: 24048552 49543048 0
outline_polyline: 25400 24048552 49543048
next_corner: 24045552 49575848 0
outline_polyline: 25400 24045552 49575848
next_corner: 24040952 49606648 0
outline_polyline: 25400 24040952 49606648
next_corner: 24035152 49634648 0
outline_polyline: 25400 24035152 49634648
next_corner: 24027648 49659648 0
outline_polyline: 25400 24027648 49659648
next_corner: 24018552 49680744 0
outline_polyline: 25400 24018552 49680744
next_corner: 24007552 49697744 0
outline_polyline: 25400 24007552 49697744
next_corner: 23994952 49711744 0
outline_polyline: 25400 23994952 49711744
next_corner: 23980152 49724648 0
outline_polyline: 25400 23980152 49724648
next_corner: 23963248 49736544 0
outline_polyline: 25400 23963248 49736544
next_corner: 23944248 49747344 0
outline_polyline: 25400 23944248 49747344
next_corner: 23923352 49756848 0
outline_polyline: 25400 23923352 49756848
next_corner: 23900152 49765248 0
outline_polyline: 25400 23900152 49765248
next_corner: 23875048 49772344 0
outline_polyline: 25400 23875048 49772344
next_corner: 23847752 49778344 0
outline_polyline: 25400 23847752 49778344
next_corner: 23818648 49782648 0
outline_polyline: 25400 23818648 49782648
next_corner: 23787352 49785848 0
outline_polyline: 25400 23787352 49785848
next_corner: 23754152 49787544 0
outline_polyline: 25400 23754152 49787544
next_corner: 23718648 49787944 0
outline_polyline: 25400 23718648 49787944
next_corner: 23681352 49786648 0
outline_polyline: 25400 23681352 49786648
next_corner: 23641848 49784048 0
outline_polyline: 25400 23641848 49784048
next_corner: 23600448 49779744 0
outline_polyline: 25400 23600448 49779744
next_corner: 22935352 49680648 0
outline_polyline: 25400 22935352 49680648
next_corner: 22534752 48144048 0
outline_polyline: 25400 22534752 48144048
next_corner: 23174248 48266048 0
outline_polyline: 25400 23174248 48266048
next_corner: 23222048 48276544 0
outline_polyline: 12700 23180600 48266048
next_corner: 23180600 48266048 0
outline_polyline: 1000000 68421248 22002496
next_corner: 68738752 22002496 0
outline_polyline: 1000000 68738752 22002496
next_corner: 69437504 22002496 0
outline_polyline: 500000 67310000 25971248
next_corner: 67151248 26130000 0
outline_polyline: 1000000 81915008 28034992
next_corner: 83026256 28034992 0
outline_polyline: 300000 92868752 5810000
next_corner: 90328752 5810000 0
outline_polyline: 4000000 15875000 9620000
next_corner: 15081248 9620000 0
outline_polyline: 2000000 31115000 1523744
next_corner: 64770000 1523744 0
outline_polyline: 500000 64770000 1523744
next_corner: 64770000 2793744 0
outline_polyline: 300000 27940000 62007488
next_corner: 27940000 58673744 0
outline_polyline: 1000000 64770000 39147496
next_corner: 66357504 39147496 0
outline_polyline: 300000 56515008 52800000
next_corner: 58896256 52800000 0
outline_polyline: 4000000 15081248 9620000
next_corner: 14128752 9620000 0
outline_polyline: 4000000 29368752 9461248
next_corner: 27305000 9461248 0
n_pins: 0
end