net: "GND"
connect: 1 41 29 7 0
vtx: 1 283368865 299672500 12 0 0 0 0
seg: 1 12 254000 0 0
vtx: 2 283368736 299720000 0 0 0 0 0
seg: 2 12 500000 0 0
vtx: 3 282098752 299720000 0 0 0 0 0
seg: 3 12 500000 0 0
vtx: 4 281622496 300037504 0 0 0 0 0
seg: 4 12 500000 0 0
vtx: 5 282098750 299720000 0 1 1000000 600000 0
seg: 5 12 500000 0 0
vtx: 6 281622496 300037504 0 0 0 0 0
seg: 6 12 500000 0 0
vtx: 7 281622496 301176256 0 0 0 0 0
seg: 7 12 254000 0 0
vtx: 8 281622607 301176250 12 0 0 0 0
net: "NET00022"
connect: 2 1 0 6 0
vtx: 1 277923750 302895231 12 0 0 0 0
seg: 1 12 254000 0 0
vtx: 2 277923744 302895008 0 0 0 0 0
seg: 2 12 400000 0 0
vtx: 3 277177504 302895008 0 0 0 0 0
seg: 3 12 400000 0 0
vtx: 4 275907488 304164992 0 0 0 0 0
seg: 4 12 400000 0 0
vtx: 5 275907488 307975008 0 0 0 0 0
seg: 5 12 400000 0 0
vtx: 6 273843744 310038752 0 0 0 0 0
seg: 6 12 254000 0 0
vtx: 7 273843750 310038750 12 0 0 0 0
net: "NET00021"
connect: 3 1 4 3 0
vtx: 1 281622178 303026249 12 0 0 0 0
seg: 1 12 254000 0 0
vtx: 2 281622496 303053760 0 0 0 0 0
seg: 2 12 400000 0 0
vtx: 3 279876256 303053760 0 0 0 0 0
seg: 3 12 254000 0 0
vtx: 4 279923750 302895000 12 0 0 0 0
net: "GND"
connect: 4 35 14 7 0
vtx: 1 283368865 310467500 12 0 0 0 0
seg: 1 12 254000 0 0
vtx: 2 283368736 310515008 0 0 0 0 0
seg: 2 12 500000 0 0
vtx: 3 282098752 310515008 0 0 0 0 0
seg: 3 12 500000 0 0
vtx: 4 281622496 310991264 0 0 0 0 0
seg: 4 12 500000 0 0
vtx: 5 282098750 310515000 0 1 1000000 600000 0
seg: 5 12 500000 0 0
vtx: 6 281622496 310991264 0 0 0 0 0
seg: 6 12 500000 0 0
vtx: 7 281622496 311971264 0 0 0 0 0
seg: 7 12 254000 0 0
vtx: 8 281622607 311971250 12 0 0 0 0
net: "NET00023"
connect: 5 0 1 6 0
vtx: 1 273843750 312578750 12 0 0 0 0
seg: 1 12 254000 0 0
vtx: 2 273957472 312457920 0 0 0 0 0
seg: 2 12 400000 0 0
vtx: 3 276860000 309562496 0 0 0 0 0
seg: 3 12 400000 0 0
vtx: 4 276860000 305435008 0 0 0 0 0
seg: 4 12 400000 0 0
vtx: 5 277177504 305117504 0 0 0 0 0
seg: 5 12 400000 0 0
vtx: 6 277923744 305117504 0 0 0 0 0
seg: 6 12 254000 0 0
vtx: 7 277923750 305117731 12 0 0 0 0
net: "GND"
connect: 6 8 40 7 0
vtx: 1 281622178 306836249 12 0 0 0 0
seg: 1 12 254000 0 0
vtx: 2 281622496 306836256 0 0 0 0 0
seg: 2 12 500000 0 0
vtx: 3 281622496 307816256 0 0 0 0 0
seg: 3 12 500000 0 0
vtx: 4 282098750 308292500 0 1 1000000 600000 0
seg: 4 12 500000 0 0
vtx: 5 281622496 307816256 0 0 0 0 0
seg: 5 12 500000 0 0
vtx: 6 282098752 308292512 0 0 0 0 0
seg: 6 12 500000 0 0
vtx: 7 283368736 308292512 0 0 0 0 0
seg: 7 12 254000 0 0
vtx: 8 283368865 308339999 12 0 0 0 0
net: "NET00014"
connect: 7 1 0 5 0
vtx: 1 277923750 313690231 12 0 0 0 0
seg: 1 12 254000 0 0
vtx: 2 277923744 313689984 0 0 0 0 0
seg: 2 12 400000 0 0
vtx: 3 277177504 313689984 0 0 0 0 0
seg: 3 12 400000 0 0
vtx: 4 275748736 315118752 0 0 0 0 0
seg: 4 12 400000 0 0
vtx: 5 274002496 315118752 0 0 0 0 0
seg: 5 12 254000 0 0
vtx: 6 273843750 315118750 12 0 0 0 0
net: "GND"
connect: 8 25 39 7 0
vtx: 1 281622178 317631249 12 0 0 0 0
seg: 1 12 254000 0 0
vtx: 2 281622496 317631264 0 0 0 0 0
seg: 2 12 500000 0 0
vtx: 3 281622496 318611264 0 0 0 0 0
seg: 3 12 500000 0 0
vtx: 4 282098750 319087500 0 1 1000000 600000 05002
seg: 4 12 500000 0 0
vtx: 5 281622496 318611264 0 0 0 0 0
seg: 5 12 500000 0 0
vtx: 6 282098752 319087488 0 0 0 0 0
seg: 6 12 500000 0 0
vtx: 7 283368736 319087488 0 0 0 0 0
seg: 7 12 254000 0 0
vtx: 8 283368865 319134999 12 0 0 0 0
net: "NET00012"
connect: 9 1 4 3 0
vtx: 1 281622607 315781250 12 0 0 0 0
seg: 1 12 254000 0 0
vtx: 2 281622496 315753760 0 0 0 0 0
seg: 2 12 400000 0 0
vtx: 3 280035008 315753760 0 0 0 0 0
seg: 3 12 254000 0 0
vtx: 4 279923750 315912500 12 0 0 0 0
net: "NET00013"
connect: 10 0 3 3 0
vtx: 1 281622178 313821249 12 0 0 0 0
seg: 1 12 254000 0 0
vtx: 2 281622496 313848736 0 0 0 0 0
seg: 2 12 400000 0 0
vtx: 3 279876256 313848736 0 0 0 0 0
seg: 3 12 254000 0 0
vtx: 4 279923750 313690000 12 0 0 0 0
net: "NET00015"
connect: 11 1 0 5 0
vtx: 1 277923750 315912731 12 0 0 0 0
seg: 1 12 254000 0 0
vtx: 2 277923744 315912512 0 0 0 0 0
seg: 2 12 400000 0 0
vtx: 3 277177504 315912512 0 0 0 0 0
seg: 3 12 400000 0 0
vtx: 4 275431264 317658752 0 0 0 0 0
seg: 4 12 400000 0 0
vtx: 5 274320000 317658752 0 0 0 0 0
seg: 5 12 254000 0 0
vtx: 6 273843750 317658750 12 0 0 0 0
net: "GND"
connect: 12 38 23 7 0
vtx: 1 283368865 321262500 12 0 0 0 0
seg: 1 12 254000 0 0
vtx: 2 283368736 321310016 0 0 0 0 0
seg: 2 12 500000 0 0
vtx: 3 282098752 321310016 0 0 0 0 0
seg: 3 12 500000 0 0
vtx: 4 281622496 321786240 0 0 0 0 0
seg: 4 12 500000 0 0
vtx: 5 282098750 321310000 0 1 1000000 600000 0
seg: 5 12 500000 0 0
vtx: 6 281622496 321786240 0 0 0 0 0
seg: 6 12 500000 0 0
vtx: 7 281622496 322766240 0 0 0 0 0
seg: 7 12 254000 0 0
vtx: 8 281622607 322766250 12 0 0 0 0
net: "NET00004"
connect: 13 0 4 3 0
vtx: 1 281622607 326576250 12 0 0 0 0
seg: 1 12 254000 0 0
vtx: 2 281622496 326548736 0 0 0 0 0
seg: 2 12 400000 0 0
vtx: 3 280035008 326548736 0 0 0 0 0
seg: 3 12 254000 0 0
vtx: 4 279923750 326707500 12 0 0 0 0
net: "NET00005"
connect: 14 1 4 3 0
vtx: 1 281622178 324616249 12 0 0 0 0
seg: 1 12 254000 0 0
vtx: 2 281622496 324643744 0 0 0 0 0
seg: 2 12 400000 0 0
vtx: 3 279876256 324643744 0 0 0 0 0
seg: 3 12 254000 0 0
vtx: 4 279923750 324485000 12 0 0 0 0
net: "NET00007"
connect: 15 1 -1 3 0
vtx: 1 277923750 326707731 0 0 0 0 0
seg: 1 12 254000 0 0
vtx: 2 277923744 326707488 0 0 0 0 0
seg: 2 12 400000 0 0
vtx: 3 277177504 326707488 0 0 0 0 0
seg: 3 12 400000 0 0
vtx: 4 273843744 323373760 0 0 0 0 0
net: "NET00006"
connect: 16 0 1 6 0
vtx: 1 273843750 320198750 12 0 0 0 0
seg: 1 12 254000 0 0
vtx: 2 273843744 320198752 0 0 0 0 0
seg: 2 12 400000 0 0
vtx: 3 276860000 323215008 0 0 0 0 0
seg: 3 12 400000 0 0
vtx: 4 276860000 324167488 0 0 0 0 0
seg: 4 12 400000 0 0
vtx: 5 277177504 324484992 0 0 0 0 0
seg: 5 12 400000 0 0
vtx: 6 277923744 324484992 0 0 0 0 0
seg: 6 12 254000 0 0
vtx: 7 277923750 324485231 12 0 0 0 0
net: "GND"
connect: 17 15 36 7 0
vtx: 1 281622178 328426249 12 0 0 0 0
seg: 1 12 254000 0 0
vtx: 2 281622496 328426240 0 0 0 0 0
seg: 2 12 500000 0 0
vtx: 3 281622496 329406240 0 0 0 0 0
seg: 3 12 500000 0 0
vtx: 4 282098750 329882500 0 1 1000000 600000 05003
seg: 4 12 500000 0 0
vtx: 5 281622496 329406240 0 0 0 0 0
seg: 5 12 500000 0 0
vtx: 6 282098752 329882496 0 0 0 0 0
seg: 6 12 500000 0 0
vtx: 7 283368736 329882496 0 0 0 0 0
seg: 7 12 254000 0 0
vtx: 8 283368865 329929999 12 0 0 0 0
net: "NET00021"
connect: 18 3 2 3 0
vtx: 1 283368865 301672499 12 0 0 0 0
seg: 1 12 254000 0 0
vtx: 2 283368736 301672512 0 0 0 0 0
seg: 2 12 400000 0 0
vtx: 3 283368736 303053760 0 0 0 0 0
seg: 3 12 254000 0 0
vtx: 4 283368857 303081250 12 0 0 0 0
net: "NET00018"
connect: 19 0 1 3 0
vtx: 1 288448529 303530991 12 0 0 0 0
seg: 1 12 254000 0 0
vtx: 2 288448736 303529984 0 0 0 0 0
seg: 2 12 500000 0 0
vtx: 3 286226240 303529984 0 0 0 0 0
seg: 3 12 254000 0 0
vtx: 4 286226365 303165000 12 0 0 0 0
net: "NET00021"
connect: 20 2 0 7 0
vtx: 1 283368857 303081250 12 0 0 0 0
seg: 1 12 254000 0 0
vtx: 2 283527488 303371264 0 0 0 0 0
seg: 2 12 400000 0 0
vtx: 3 284162496 303371264 0 0 0 0 0
seg: 3 12 400000 0 0
vtx: 4 284638752 302895008 0 0 0 0 0
seg: 4 12 400000 0 0
vtx: 5 284638752 302577504 0 0 0 0 0
seg: 5 12 400000 0 0
vtx: 6 284956256 302260000 0 0 0 0 0
seg: 6 12 400000 0 0
vtx: 7 288448736 302260000 0 0 0 0 0
seg: 7 12 254000 0 0
vtx: 8 288448088 302260991 12 0 0 0 0
net: "NET00020"
connect: 21 2 1 7 0
vtx: 1 283368428 304931249 12 0 0 0 0
seg: 1 12 254000 0 0
vtx: 2 284003744 304641248 0 0 0 0 0
seg: 2 12 400000 0 0
vtx: 3 284162496 304641248 0 0 0 0 0
seg: 3 12 400000 0 0
vtx: 4 284638752 305117504 0 0 0 0 0
seg: 4 12 400000 0 0
vtx: 5 284638752 305752512 0 0 0 0 0
seg: 5 12 400000 0 0
vtx: 6 284956256 306070016 0 0 0 0 0
seg: 6 12 400000 0 0
vtx: 7 287813760 306070016 0 0 0 0 0
seg: 7 12 254000 0 0
vtx: 8 288448970 306070330 12 0 0 0 0
net: "NET00012"
connect: 22 2 3 3 0
vtx: 1 283368428 315726249 12 0 0 0 0
seg: 1 12 254000 0 0
vtx: 2 283368736 315753760 0 0 0 0 0
seg: 2 12 400000 0 0
vtx: 3 283368736 317135008 0 0 0 0 0
seg: 3 12 254000 0 0
vtx: 4 283368865 317135000 12 0 0 0 0
net: "NET00009"
connect: 23 0 1 3 0
vtx: 1 288448823 315595330 12 0 0 0 0
seg: 1 12 254000 0 0
vtx: 2 288448736 315595008 0 0 0 0 0
seg: 2 12 500000 0 0
vtx: 3 286226240 315595008 0 0 0 0 0
seg: 3 12 254000 0 0
vtx: 4 286226365 315959999 12 0 0 0 0
net: "NET00010"
connect: 24 0 1 3 0
vtx: 1 288448529 314325991 12 0 0 0 0
seg: 1 12 254000 0 0
vtx: 2 288448736 314324992 0 0 0 0 0
seg: 2 12 500000 0 0
vtx: 3 286226240 314324992 0 0 0 0 0
seg: 3 12 254000 0 0
vtx: 4 286226365 313960000 12 0 0 0 0
net: "NET00012"
connect: 25 2 0 7 0
vtx: 1 283368428 315726249 12 0 0 0 0
seg: 1 12 254000 0 0
vtx: 2 284003744 315436256 0 0 0 0 0
seg: 2 12 400000 0 0
vtx: 3 284162496 315436256 0 0 0 0 0
seg: 3 12 400000 0 0
vtx: 4 284638752 315912512 0 0 0 0 0
seg: 4 12 400000 0 0
vtx: 5 284638752 316547488 0 0 0 0 0
seg: 5 12 400000 0 0
vtx: 6 284956256 316864992 0 0 0 0 0
seg: 6 12 400000 0 0
vtx: 7 287813760 316864992 0 0 0 0 0
seg: 7 12 254000 0 0
vtx: 8 288448970 316865330 12 0 0 0 0
net: "NET00013"
connect: 26 4 1 7 0
vtx: 1 283368857 313876250 12 0 0 0 0
seg: 1 12 254000 0 0
vtx: 2 283527488 314166240 0 0 0 0 0
seg: 2 12 400000 0 0
vtx: 3 284162496 314166240 0 0 0 0 0
seg: 3 12 400000 0 0
vtx: 4 284638752 313689984 0 0 0 0 0
seg: 4 12 400000 0 0
vtx: 5 284638752 313372512 0 0 0 0 0
seg: 5 12 400000 0 0
vtx: 6 284956256 313055008 0 0 0 0 0
seg: 6 12 400000 0 0
vtx: 7 288448736 313055008 0 0 0 0 0
seg: 7 12 254000 0 0
vtx: 8 288448088 313055991 12 0 0 0 0
net: "NET00005"
connect: 27 3 2 3 0
vtx: 1 283368865 323262499 12 0 0 0 0
seg: 1 12 254000 0 0
vtx: 2 283368736 323262496 0 0 0 0 0
seg: 2 12 400000 0 0
vtx: 3 283368736 324643744 0 0 0 0 0
seg: 3 12 254000 0 0
vtx: 4 283368857 324671250 12 0 0 0 0
net: "NET00004"
connect: 28 1 2 7 0
vtx: 1 288448970 327660330 12 0 0 0 0
seg: 1 12 254000 0 0
vtx: 2 287813760 327660000 0 0 0 0 0
seg: 2 12 400000 0 0
vtx: 3 284956256 327660000 0 0 0 0 0
seg: 3 12 400000 0 0
vtx: 4 284638752 327342496 0 0 0 0 0
seg: 4 12 400000 0 0
vtx: 5 284638752 326707488 0 0 0 0 0
seg: 5 12 400000 0 0
vtx: 6 284162496 326231264 0 0 0 0 0
seg: 6 12 400000 0 0
vtx: 7 284003744 326231264 0 0 0 0 0
seg: 7 12 254000 0 0
vtx: 8 283368428 326521249 12 0 0 0 0
net: "NET00005"
connect: 29 0 2 7 0
vtx: 1 288448088 323850991 12 0 0 0 0
seg: 1 12 254000 0 0
vtx: 2 288448736 323849984 0 0 0 0 0
seg: 2 12 400000 0 0
vtx: 3 284956256 323849984 0 0 0 0 0
seg: 3 12 400000 0 0
vtx: 4 284638752 324167488 0 0 0 0 0
seg: 4 12 400000 0 0
vtx: 5 284638752 324484992 0 0 0 0 0
seg: 5 12 400000 0 0
vtx: 6 284162496 324961248 0 0 0 0 0
seg: 6 12 400000 0 0
vtx: 7 283527488 324961248 0 0 0 0 0
seg: 7 12 254000 0 0
vtx: 8 283368857 324671250 12 0 0 0 0
net: "NET00002"
connect: 30 0 1 3 0
vtx: 1 288448823 326390330 12 0 0 0 0
seg: 1 12 254000 0 0
vtx: 2 288448736 326390016 0 0 0 0 0
seg: 2 12 500000 0 0
vtx: 3 286226240 326390016 0 0 0 0 0
seg: 3 12 254000 0 0
vtx: 4 286226365 326754999 12 0 0 0 0
net: "NET00003"
connect: 31 0 1 3 0
vtx: 1 288448529 325120991 12 0 0 0 0
seg: 1 12 254000 0 0
vtx: 2 288448736 325120000 0 0 0 0 0
seg: 2 12 500000 0 0
vtx: 3 286226240 325120000 0 0 0 0 0
seg: 3 12 254000 0 0
vtx: 4 286226365 324755000 12 0 0 0 0
net: "GND"
connect: 32 33 32 3 0
vtx: 1 295910000 292735000 12 0 0 0 0
seg: 1 12 254000 0 0
vtx: 2 295909984 292735008 0 0 0 0 0
seg: 2 12 1000000 0 0
vtx: 3 290830016 292735008 0 0 0 0 05006
seg: 3 12 254000 0 0
vtx: 4 290830000 292735000 12 0 0 0 0
net: "-3V"
connect: 33 3 8 24 0
vtx: 1 296255000 312578964 12 0 0 0 0
seg: 1 12 254000 0 0
vtx: 2 296386240 312261248 0 0 0 0 0
seg: 2 12 500000 0 0
vtx: 3 296386240 311784992 0 0 0 0 0
seg: 3 12 500000 0 0
vtx: 4 296703744 311467488 0 0 0 0 0
seg: 4 12 500000 0 0
vtx: 5 301466240 311467488 0 0 0 0 0
seg: 5 12 500000 0 0
vtx: 6 303529984 309403744 0 0 0 0 0
seg: 6 12 500000 0 0
vtx: 7 314166240 309403744 0 0 0 0 0
seg: 7 12 500000 0 0
vtx: 8 315118752 308451264 0 0 0 0 0
seg: 8 12 500000 0 0
vtx: 9 315118750 308451250 0 1 1000000 600000 0
seg: 9 13 500000 0 0
vtx: 10 315118752 308451264 0 0 0 0 0
seg: 10 13 500000 0 0
vtx: 11 317182496 308451264 0 0 0 0 05004
seg: 11 13 500000 0 0
vtx: 12 317182496 300831264 0 0 0 0 0
seg: 12 13 500000 0 0
vtx: 13 315436256 299084992 0 0 0 0 0
seg: 13 13 500000 0 0
vtx: 14 315277504 299084992 0 0 0 0 0
seg: 14 13 500000 0 0
vtx: 15 315277500 299085000 0 1 1000000 600000 0
seg: 15 12 500000 0 0
vtx: 16 315277504 299084992 0 0 0 0 0
seg: 16 12 500000 0 0
vtx: 17 314324992 300037504 0 0 0 0 0
seg: 17 12 500000 0 0
vtx: 18 314324992 302577504 0 0 0 0 0
seg: 18 12 500000 0 0
vtx: 19 312896256 304006240 0 0 0 0 0
seg: 19 12 500000 0 0
vtx: 20 302260000 304006240 0 0 0 0 0
seg: 20 12 500000 0 0
vtx: 21 298926240 300672512 0 0 0 0 0
seg: 21 12 500000 0 0
vtx: 22 296703744 300672512 0 0 0 0 0
seg: 22 12 500000 0 0
vtx: 23 296386240 300990016 0 0 0 0 0
seg: 23 12 500000 0 0
vtx: 24 296386240 301466240 0 0 0 0 0
seg: 24 12 254000 0 0
vtx: 25 296255000 301783964 12 0 0 0 0
net: "-3V"
connect: 34 2 8 3 0
vtx: 1 294163970 302260330 12 0 0 0 0
seg: 1 12 254000 0 0
vtx: 2 294163744 302260000 0 0 0 0 0
seg: 2 12 500000 0 0
vtx: 3 296227488 302260000 0 0 0 0 0
seg: 3 12 254000 0 0
vtx: 4 296255000 301783964 12 0 0 0 0
net: "GND"
connect: 35 9 18 6 0
vtx: 1 294163823 303530330 12 0 0 0 0
seg: 1 12 254000 0 0
vtx: 2 294163744 303529984 0 0 0 0 0
seg: 2 12 500000 0 0
vtx: 3 295751264 303529984 0 0 0 0 0
seg: 3 12 500000 0 0
vtx: 4 295751250 303530000 0 1 1000000 600000 0
seg: 4 12 500000 0 0
vtx: 5 295751264 303529984 0 0 0 0 0
seg: 5 12 500000 0 0
vtx: 6 296656256 303529984 0 0 0 0 0
seg: 6 12 254000 0 0
vtx: 7 296862615 303323750 12 0 0 0 0
net: "+3V"
connect: 36 8 15 4 0
vtx: 1 294163970 306069669 12 0 0 0 0
seg: 1 12 254000 0 0
vtx: 2 294163744 306070016 0 0 0 0 0
seg: 2 12 500000 0 0
vtx: 3 295433760 306070016 0 0 0 0 0
seg: 3 12 500000 0 0
vtx: 4 296068736 306704992 0 0 0 0 0
seg: 4 12 254000 0 0
vtx: 5 296255000 306863964 12 0 0 0 0
net: "+3V"
connect: 37 15 2 7 0
vtx: 1 296255000 306863964 12 0 0 0 0
seg: 1 12 254000 0 0
vtx: 2 296386240 307022496 0 0 0 0 0
seg: 2 12 500000 0 0
vtx: 3 296386240 307657504 0 0 0 0 0
seg: 3 12 500000 0 0
vtx: 4 296862496 308133760 0 0 0 0 0
seg: 4 12 500000 0 0
vtx: 5 311943744 308133760 0 0 0 0 0
seg: 5 12 500000 0 0
vtx: 6 314642496 305435008 0 0 0 0 0
seg: 6 12 500000 0 0
vtx: 7 315753760 305435008 0 0 0 0 0
seg: 7 12 254000 0 0
vtx: 8 315753750 305435000 12 0 0 0 0
net: "NET00024"
connect: 38 1 2 5 0
vtx: 1 294163823 304799669 12 0 0 0 0
seg: 1 12 254000 0 0
vtx: 2 294163744 304800000 0 0 0 0 0
seg: 2 12 500000 0 0
vtx: 3 295592512 304800000 0 0 0 0 0
seg: 3 12 500000 0 0
vtx: 4 296068736 305276256 0 0 0 0 0
seg: 4 12 500000 0 0
vtx: 5 296227488 305276256 0 0 0 0 0
seg: 5 12 254000 0 0
vtx: 6 296862615 305323749 12 0 0 0 0
net: "-3V"
connect: 39 4 3 3 0
vtx: 1 294163970 313055330 12 0 0 0 0
seg: 1 12 254000 0 0
vtx: 2 294163744 313055008 0 0 0 0 0
seg: 2 12 500000 0 0
vtx: 3 296227488 313055008 0 0 0 0 0
seg: 3 12 254000 0 0
vtx: 4 296255000 312578964 12 0 0 0 0
net: "+3V"
connect: 40 12 10 4 0
vtx: 1 294163970 316864669 12 0 0 0 0
seg: 1 12 254000 0 0
vtx: 2 294163744 316864992 0 0 0 0 0
seg: 2 12 500000 0 0
vtx: 3 295433760 316864992 0 0 0 0 0
seg: 3 12 500000 0 0
vtx: 4 296068736 317500000 0 0 0 0 0
seg: 4 12 254000 0 0
vtx: 5 296255000 317658964 12 0 0 0 0
net: "GND"
connect: 41 16 26 6 0
vtx: 1 294163823 314325330 12 0 0 0 0
seg: 1 12 254000 0 0
vtx: 2 294163744 314324992 0 0 0 0 0
seg: 2 12 500000 0 0
vtx: 3 295751264 314324992 0 0 0 0 0
seg: 3 12 500000 0 0
vtx: 4 295751250 314325000 0 1 1000000 600000 0
seg: 4 12 500000 0 0
vtx: 5 295751264 314324992 0 0 0 0 0
seg: 5 12 500000 0 0
vtx: 6 296656256 314324992 0 0 0 0 0
seg: 6 12 254000 0 0
vtx: 7 296862615 314118750 12 0 0 0 0
net: "NET00016"
connect: 42 1 2 5 0
vtx: 1 294163823 315594669 12 0 0 0 0
seg: 1 12 254000 0 0
vtx: 2 294163744 315595008 0 0 0 0 0
seg: 2 12 500000 0 0
vtx: 3 295592512 315595008 0 0 0 0 0
seg: 3 12 500000 0 0
vtx: 4 296068736 316071264 0 0 0 0 0
seg: 4 12 500000 0 0
vtx: 5 296227488 316071264 0 0 0 0 0
seg: 5 12 254000 0 0
vtx: 6 296862615 316118749 12 0 0 0 0
net: "+3V"
connect: 43 10 4 14 0
vtx: 1 296255000 317658964 12 0 0 0 0
seg: 1 12 254000 0 0
vtx: 2 296386240 317817504 0 0 0 0 0
seg: 2 12 500000 0 0
vtx: 3 296386240 318452512 0 0 0 0 0
seg: 3 12 500000 0 0
vtx: 4 296862496 318928736 0 0 0 0 0
seg: 4 12 500000 0 0
vtx: 5 299402496 318928736 0 0 0 0 0
seg: 5 12 500000 0 0
vtx: 6 300037504 318293760 0 0 0 0 0
seg: 6 12 500000 0 0
vtx: 7 300037504 316071264 0 0 0 0 0
seg: 7 12 500000 0 0
vtx: 8 304482496 311626240 0 0 0 0 0
seg: 8 12 500000 0 0
vtx: 9 304958752 311626240 0 0 0 0 05001
seg: 9 12 400000 0 0
vtx: 10 304958752 315912512 0 0 0 0 0
seg: 10 12 400000 0 0
vtx: 11 305435008 316388736 0 0 0 0 0
seg: 11 12 400000 0 0
vtx: 12 306684992 316388736 0 0 0 0 0
seg: 12 12 300000 0 0
vtx: 13 307380000 315693760 0 0 0 0 0
seg: 13 12 300000 0 0
vtx: 14 308098752 315693760 0 0 0 0 0
seg: 14 12 254000 0 0
vtx: 15 308056163 315685892 12 0 0 0 0
net: "NET00008"
connect: 44 1 2 5 0
vtx: 1 294163823 326389669 12 0 0 0 0
seg: 1 12 254000 0 0
vtx: 2 294163744 326390016 0 0 0 0 0
seg: 2 12 500000 0 0
vtx: 3 295592512 326390016 0 0 0 0 0
seg: 3 12 500000 0 0
vtx: 4 296068736 326866240 0 0 0 0 0
seg: 4 12 500000 0 0
vtx: 5 296227488 326866240 0 0 0 0 0
seg: 5 12 254000 0 0
vtx: 6 296862615 326913749 12 0 0 0 0
net: "GND"
connect: 45 17 24 6 0
vtx: 1 294163823 325120330 12 0 0 0 0
seg: 1 12 254000 0 0
vtx: 2 294163744 325120000 0 0 0 0 0
seg: 2 12 500000 0 0
vtx: 3 295751264 325120000 0 0 0 0 0
seg: 3 12 500000 0 0
vtx: 4 295751250 325120000 0 1 1000000 600000 0
seg: 4 12 500000 0 0
vtx: 5 295751264 325120000 0 0 0 0 0
seg: 5 12 500000 0 0
vtx: 6 296656256 325120000 0 0 0 0 0
seg: 6 12 254000 0 0
vtx: 7 296862615 324913750 12 0 0 0 0
net: "-3V"
connect: 46 5 7 3 0
vtx: 1 294163970 323850330 12 0 0 0 0
seg: 1 12 254000 0 0
vtx: 2 294163744 323849984 0 0 0 0 0
seg: 2 12 500000 0 0
vtx: 3 296227488 323849984 0 0 0 0 0
seg: 3 12 254000 0 0
vtx: 4 296255000 323373964 12 0 0 0 0
net: "-3V"
connect: 47 1 7 8 0
vtx: 1 308498750 319405000 12 0 0 0 0
seg: 1 12 254000 0 0
vtx: 2 308609984 319246240 0 0 0 0 0
seg: 2 12 500000 0 0
vtx: 3 311784992 319246240 0 0 0 0 05000
seg: 3 12 500000 0 0
vtx: 4 311784992 320516256 0 0 0 0 0
seg: 4 12 500000 0 0
vtx: 5 310991264 321310016 0 0 0 0 0
seg: 5 12 500000 0 0
vtx: 6 297815008 321310016 0 0 0 0 0
seg: 6 12 500000 0 0
vtx: 7 296386240 322580000 0 0 0 0 0
seg: 7 12 500000 0 0
vtx: 8 296386240 323056256 0 0 0 0 0
seg: 8 12 254000 0 0
vtx: 9 296255000 323373964 12 0 0 0 0
net: "+3V"
connect: 48 1 11 7 0
vtx: 1 315753750 323215000 12 0 0 0 0
seg: 1 12 254000 0 0
vtx: 2 315595008 323056256 0 0 0 0 0
seg: 2 12 500000 0 0
vtx: 3 306546240 323056256 0 0 0 0 0
seg: 3 12 500000 0 0
vtx: 4 299878752 329723744 0 0 0 0 0
seg: 4 12 500000 0 0
vtx: 5 296862496 329723744 0 0 0 0 0
seg: 5 12 500000 0 0
vtx: 6 296386240 329247488 0 0 0 0 0
seg: 6 12 500000 0 0
vtx: 7 296386240 328612512 0 0 0 0 0
seg: 7 12 254000 0 0
vtx: 8 296255000 328453964 12 0 0 0 0
net: "GND"
connect: 49 7 -1 8 0
vtx: 1 304006400 296257499 0 0 0 0 0
seg: 1 12 254000 0 0
vtx: 2 304006240 296257504 0 0 0 0 0
seg: 2 12 800000 0 0
vtx: 3 304006240 294957504 0 0 0 0 0
seg: 3 12 1000000 0 0
vtx: 4 304006250 294957500 0 1 1000000 600000 0
seg: 4 12 1000000 0 0
vtx: 5 304006240 294957504 0 0 0 0 0
seg: 5 12 1000000 0 0
vtx: 6 302895008 294957504 0 0 0 0 0
seg: 6 12 500000 0 0
vtx: 7 302577504 294640000 0 0 0 0 0
seg: 7 12 500000 0 0
vtx: 8 302418752 294640000 0 0 0 0 0
seg: 8 12 500000 0 0
vtx: 9 298608736 294640000 0 0 0 0 0
net: "GND"
connect: 50 30 7 7 0
vtx: 1 303212607 298318750 12 0 0 0 0
seg: 1 12 254000 0 0
vtx: 2 303212512 298318752 0 0 0 0 0
seg: 2 12 800000 0 0
vtx: 3 303212512 297656256 0 0 0 0 0
seg: 3 12 800000 0 0
vtx: 4 304006250 297338750 0 1 1000000 600000 0
seg: 4 12 800000 0 0
vtx: 5 303212512 297656256 0 0 0 0 0
seg: 5 12 800000 0 0
vtx: 6 304006240 297338752 0 0 0 0 0
seg: 6 12 800000 0 0
vtx: 7 304006240 296257504 0 0 0 0 0
seg: 7 12 254000 0 0
vtx: 8 304006400 296257499 12 0 0 0 0
net: "+12V"
connect: 51 2 4 3 0
vtx: 1 299878402 298973749 12 0 0 0 0
seg: 1 12 254000 0 0
vtx: 2 299878752 299084992 0 0 0 0 0
seg: 2 12 1000000 0 0
vtx: 3 301466240 299084992 0 0 0 0 0
seg: 3 12 254000 0 0
vtx: 4 301465928 298898749 12 0 0 0 0
net: "+12V"
connect: 52 4 3 3 0
vtx: 1 301465928 298898749 12 0 0 0 0
seg: 1 12 254000 0 0
vtx: 2 301466240 299084992 0 0 0 0 0
seg: 2 12 1000000 0 0
vtx: 3 302577504 300196256 0 0 0 0 0
seg: 3 12 254000 0 0
vtx: 4 303212178 300168749 12 0 0 0 0
net: "+12V"
connect: 53 0 2 8 0
vtx: 1 273843750 302418750 12 0 0 0 0
seg: 1 12 254000 0 0
vtx: 2 273843744 302418752 0 0 0 0 0
seg: 2 12 1000000 0 0
vtx: 3 273843744 299720000 0 0 0 0 0
seg: 3 12 1000000 0 0
vtx: 4 279241248 294322496 0 0 0 0 0
seg: 4 12 1000000 0 0
vtx: 5 293528736 294322496 0 0 0 0 0
seg: 5 12 1000000 0 0
vtx: 6 297497504 298291264 0 0 0 0 0
seg: 6 12 1000000 0 0
vtx: 7 299084992 298291264 0 0 0 0 0
seg: 7 12 1000000 0 0
vtx: 8 299878752 299084992 0 0 0 0 0
seg: 8 12 254000 0 0
vtx: 9 299878402 298973749 12 0 0 0 0
net: "GND"
connect: 54 28 -1 4 0
vtx: 1 298105000 301783750 12 0 0 0 0
seg: 1 12 254000 0 0
vtx: 2 298449984 301783744 0 0 0 0 0
seg: 2 12 500000 0 0
vtx: 3 299084992 302418752 0 0 0 0 0
seg: 3 12 500000 0 0
vtx: 4 299085000 302418750 0 1 1000000 600000 0
seg: 4 12 254000 0 0
vtx: 5 299084992 302418752 0 0 0 0 05007
net: "GND"
connect: 55 27 -1 4 0
vtx: 1 298105000 306863750 12 0 0 0 0
seg: 1 12 254000 0 0
vtx: 2 298104992 306863744 0 0 0 0 0
seg: 2 12 500000 0 0
vtx: 3 299084992 306863744 0 0 0 0 0
seg: 3 12 500000 0 0
vtx: 4 299085000 306863750 0 1 1000000 600000 0
seg: 4 12 254000 0 0
vtx: 5 299084992 306863744 0 0 0 0 05008
net: "GND"
connect: 56 12 -1 4 0
vtx: 1 298105000 317658750 12 0 0 0 0
seg: 1 12 254000 0 0
vtx: 2 298104992 317658752 0 0 0 0 0
seg: 2 12 500000 0 0
vtx: 3 299084992 317658752 0 0 0 0 0
seg: 3 12 500000 0 0
vtx: 4 299085000 317658750 0 1 1000000 600000 0
seg: 4 12 254000 0 0
vtx: 5 299084992 317658752 0 0 0 0 05009
net: "GND"
connect: 57 22 -1 4 0
vtx: 1 298105000 323373750 12 0 0 0 0
seg: 1 12 254000 0 0
vtx: 2 298104992 323373760 0 0 0 0 0
seg: 2 12 500000 0 0
vtx: 3 299084992 323373760 0 0 0 0 0
seg: 3 12 500000 0 0
vtx: 4 299085000 323373750 0 1 1000000 600000 0
seg: 4 12 254000 0 0
vtx: 5 299084992 323373760 0 0 0 0 05010
net: "GND"
connect: 58 13 -1 4 0
vtx: 1 298105000 328453750 12 0 0 0 0
seg: 1 12 254000 0 0
vtx: 2 298104992 328453760 0 0 0 0 0
seg: 2 12 500000 0 0
vtx: 3 299084992 328453760 0 0 0 0 0
seg: 3 12 500000 0 0
vtx: 4 299085000 328453750 0 1 1000000 600000 0
seg: 4 12 254000 0 0
vtx: 5 299084992 328453760 0 0 0 0 05011
net: "NET00025"
connect: 59 0 1 4 0
vtx: 1 308056336 314686130 12 0 0 0 0
seg: 1 12 254000 0 0
vtx: 2 308106240 314686240 0 0 0 0 0
seg: 2 12 300000 0 0
vtx: 3 307110016 313689984 0 0 0 0 0
seg: 3 12 300000 0 0
vtx: 4 306070016 313689984 0 0 0 0 0
seg: 4 12 254000 0 0
vtx: 5 306070107 313400000 12 0 0 0 0
net: "GND"
connect: 60 19 4 4 0
vtx: 1 311785107 314193750 12 0 0 0 0
seg: 1 12 254000 0 0
vtx: 2 311784992 314166240 0 0 0 0 0
seg: 2 12 280000 0 0
vtx: 3 310800000 315178752 0 0 0 0 0
seg: 3 12 280000 0 0
vtx: 4 309978752 315178752 0 0 0 0 0
seg: 4 12 254000 0 0
vtx: 5 310116278 315186369 12 0 0 0 0
net: "GND"
connect: 61 5 20 5 0
vtx: 1 309086250 315436250 12 0 0 0 0
seg: 1 12 254000 0 0
vtx: 2 309086240 315912512 0 0 0 0 0
seg: 2 12 800000 0 0
vtx: 3 309086240 317658752 0 0 0 0 0
seg: 3 12 800000 0 0
vtx: 4 308451264 317817504 0 0 0 0 0
seg: 4 12 600000 0 0
vtx: 5 309748736 317817504 0 0 0 0 0
seg: 5 12 254000 0 0
vtx: 6 309907500 317658535 12 0 0 0 0
net: "NET00026"
connect: 62 0 1 3 0
vtx: 1 308056278 315186130 12 0 0 0 0
seg: 1 12 254000 0 0
vtx: 2 308015008 315187488 0 0 0 0 0
seg: 2 12 280000 0 0
vtx: 3 306070016 315187488 0 0 0 0 0
seg: 3 12 254000 0 0
vtx: 4 306069678 315249999 12 0 0 0 0
net: "NET00011"
connect: 63 2 1 3 0
vtx: 1 306498750 317658981 12 0 0 0 0
seg: 1 12 254000 0 0
vtx: 2 306546240 317706240 0 0 0 0 0
seg: 2 12 500000 0 0
vtx: 3 306546240 319563744 0 0 0 0 0
seg: 3 12 254000 0 0
vtx: 4 306498750 319405231 12 0 0 0 0
net: "-3V"
connect: 64 6 -1 3 0
vtx: 1 311757500 317658750 0 0 0 0 0
seg: 1 12 254000 0 0
vtx: 2 311784992 317658752 0 0 0 0 0
seg: 2 12 1000000 0 0
vtx: 3 311784992 319246240 0 0 0 0 0
seg: 3 12 254000 0 0
vtx: 4 311784992 319246240 0 0 0 0 05000
net: "NET00019"
connect: 65 0 1 3 0
vtx: 1 310116278 315686130 12 0 0 0 0
seg: 1 12 254000 0 0
vtx: 2 310133760 315683744 0 0 0 0 0
seg: 2 12 280000 0 0
vtx: 3 311784992 315683744 0 0 0 0 0
seg: 3 12 254000 0 0
vtx: 4 311784678 316043749 12 0 0 0 0
net: "+3V"
connect: 66 3 16 3 0
vtx: 1 310116336 314686369 12 0 0 0 0
seg: 1 12 254000 0 0
vtx: 2 310022496 314642496 0 0 0 0 0
seg: 2 12 300000 0 0
vtx: 3 308609984 313230016 0 0 0 0 0
seg: 3 12 254000 0 0
vtx: 4 308478750 313055214 12 0 0 0 0
net: "GND"
connect: 67 34 19 7 0
vtx: 1 310328750 313055000 12 0 0 0 0
seg: 1 12 254000 0 0
vtx: 2 310515008 313055008 0 0 0 0 0
seg: 2 12 1000000 0 0
vtx: 3 311308736 313055008 0 0 0 0 0
seg: 3 12 1000000 0 0
vtx: 4 311308750 313055000 0 1 1000000 600000 0
seg: 4 12 1000000 0 0
vtx: 5 311308736 313055008 0 0 0 0 0
seg: 5 12 1000000 0 0
vtx: 6 311784992 313531264 0 0 0 0 0
seg: 6 12 1000000 0 0
vtx: 7 311784992 314007488 0 0 0 0 0
seg: 7 12 254000 0 0
vtx: 8 311785107 314193750 12 0 0 0 0
net: "NET00011"
connect: 68 2 0 4 0
vtx: 1 306498750 317658981 12 0 0 0 0
seg: 1 12 254000 0 0
vtx: 2 306704992 317658752 0 0 0 0 0
seg: 2 12 300000 0 0
vtx: 3 307816256 316547488 0 0 0 0 0
seg: 3 12 300000 0 0
vtx: 4 307816256 316230016 0 0 0 0 0
seg: 4 12 254000 0 0
vtx: 5 308055989 316185892 12 0 0 0 0
net: "-3V"
connect: 69 6 0 4 0
vtx: 1 311757500 317658750 12 0 0 0 0
seg: 1 12 254000 0 0
vtx: 2 311558752 317658752 0 0 0 0 0
seg: 2 12 300000 0 0
vtx: 3 310356256 316456256 0 0 0 0 0
seg: 3 12 300000 0 0
vtx: 4 310356256 316230016 0 0 0 0 0
seg: 4 12 254000 0 0
vtx: 5 310116336 316186130 12 0 0 0 0
net: "+3V"
connect: 70 9 14 3 0
vtx: 1 312923750 295116464 12 0 0 0 0
seg: 1 12 254000 0 0
vtx: 2 312896256 295088736 0 0 0 0 0
seg: 2 12 500000 0 0
vtx: 3 312896256 293369984 0 0 0 0 0
seg: 3 12 254000 0 0
vtx: 4 312923750 293528535 12 0 0 0 0
net: "+3V"
connect: 71 9 2 7 0
vtx: 1 312923750 295116464 12 0 0 0 0
seg: 1 12 254000 0 0
vtx: 2 312578752 295275008 0 0 0 0 0
seg: 2 12 500000 0 0
vtx: 3 314642496 297338752 0 0 0 0 0
seg: 3 12 500000 0 0
vtx: 4 315912512 297338752 0 0 0 0 0
seg: 4 12 500000 0 0
vtx: 5 317182496 298608736 0 0 0 0 0
seg: 5 12 500000 0 0
vtx: 6 317182496 304006240 0 0 0 0 0
seg: 6 12 500000 0 0
vtx: 7 315753760 305435008 0 0 0 0 0
seg: 7 12 254000 0 0
vtx: 8 315753750 305435000 12 0 0 0 0
net: "NET00024"
connect: 72 2 0 5 0
vtx: 1 296862615 305323749 12 0 0 0 0
seg: 1 12 254000 0 0
vtx: 2 296862496 305276256 0 0 0 0 0
seg: 2 12 500000 0 0
vtx: 3 313213760 305276256 0 0 0 0 0
seg: 3 12 500000 0 0
vtx: 4 315118752 303371264 0 0 0 0 0
seg: 4 12 500000 0 0
vtx: 5 315753760 303371264 0 0 0 0 0
seg: 5 12 254000 0 0
vtx: 6 315753750 303371250 12 0 0 0 0
net: "+3V"
connect: 73 2 0 5 0
vtx: 1 315753750 305435000 12 0 0 0 0
seg: 1 12 254000 0 0
vtx: 2 315753760 305435008 0 0 0 0 0
seg: 2 12 500000 0 0
vtx: 3 317182496 306863744 0 0 0 0 0
seg: 3 12 500000 0 0
vtx: 4 317182496 314324992 0 0 0 0 0
seg: 4 12 500000 0 0
vtx: 5 315753760 314324992 0 0 0 0 0
seg: 5 12 254000 0 0
vtx: 6 315753750 314325000 12 0 0 0 0
net: "+3V"
connect: 74 1 -1 4 0
vtx: 1 315753750 323215000 0 0 0 0 0
seg: 1 12 254000 0 0
vtx: 2 315753760 323215008 0 0 0 0 0
seg: 2 12 500000 0 0
vtx: 3 317182496 321786240 0 0 0 0 0
seg: 3 12 500000 0 0
vtx: 4 317182496 314324992 0 0 0 0 0
seg: 4 12 254000 0 0
vtx: 5 317182496 314324992 0 0 0 0 05012
net: "NET00008"
connect: 75 2 0 6 0
vtx: 1 296862615 326913749 12 0 0 0 0
seg: 1 12 254000 0 0
vtx: 2 296703744 326866240 0 0 0 0 0
seg: 2 12 500000 0 0
vtx: 3 300990016 326866240 0 0 0 0 0
seg: 3 12 500000 0 0
vtx: 4 305752512 322103744 0 0 0 0 0
seg: 4 12 500000 0 0
vtx: 5 314801248 322103744 0 0 0 0 0
seg: 5 12 500000 0 0
vtx: 6 315753760 321151264 0 0 0 0 0
seg: 6 12 254000 0 0
vtx: 7 315753750 321151250 12 0 0 0 0
net: "NET00020"
connect: 76 0 3 3 0
vtx: 1 281622607 304986250 12 0 0 0 0
seg: 1 12 254000 0 0
vtx: 2 281622496 304958752 0 0 0 0 0
seg: 2 12 400000 0 0
vtx: 3 280035008 304958752 0 0 0 0 0
seg: 3 12 254000 0 0
vtx: 4 279923750 305117500 12 0 0 0 0
net: "NET00020"
connect: 77 2 4 3 0
vtx: 1 283368428 304931249 12 0 0 0 0
seg: 1 12 254000 0 0
vtx: 2 283368736 304958752 0 0 0 0 0
seg: 2 12 400000 0 0
vtx: 3 283368736 306340000 0 0 0 0 0
seg: 3 12 254000 0 0
vtx: 4 283368865 306340000 12 0 0 0 0
net: "NET00017"
connect: 78 0 1 3 0
vtx: 1 288448823 304800330 12 0 0 0 0
seg: 1 12 254000 0 0
vtx: 2 288448736 304800000 0 0 0 0 0
seg: 2 12 500000 0 0
vtx: 3 286226240 304800000 0 0 0 0 0
seg: 3 12 254000 0 0
vtx: 4 286226365 305164999 12 0 0 0 0
net: "NET00004"
connect: 79 2 3 3 0
vtx: 1 283368428 326521249 12 0 0 0 0
seg: 1 12 254000 0 0
vtx: 2 283368736 326548736 0 0 0 0 0
seg: 2 12 400000 0 0
vtx: 3 283368736 327929984 0 0 0 0 0
seg: 3 12 254000 0 0
vtx: 4 283368865 327930000 12 0 0 0 0
net: "NET00013"
connect: 80 2 4 3 0
vtx: 1 283368865 312467499 12 0 0 0 0
seg: 1 12 254000 0 0
vtx: 2 283368736 312467488 0 0 0 0 0
seg: 2 12 400000 0 0
vtx: 3 283368736 313848736 0 0 0 0 0
seg: 3 12 254000 0 0
vtx: 4 283368857 313876250 12 0 0 0 0
net: "NET00004"
connect: 81 1 -1 2 0
vtx: 1 288448970 327660330 12 0 0 0 0
seg: 1 12 254000 0 0
vtx: 2 287645664 327669344 0 0 0 0 0
seg: 2 12 300000 0 0
vtx: 3 286702496 328612512 0 0 0 0 0
net: "+3V"
connect: 82 11 13 4 0
vtx: 1 296255000 328453964 12 0 0 0 0
seg: 1 12 254000 0 0
vtx: 2 296068736 328295008 0 0 0 0 0
seg: 2 12 500000 0 0
vtx: 3 295433760 327660000 0 0 0 0 0
seg: 3 12 500000 0 0
vtx: 4 294163744 327660000 0 0 0 0 0
seg: 4 12 254000 0 0
vtx: 5 294163970 327659669 12 0 0 0 0
net: "GND"
connect: 83 11 -1 4 0
vtx: 1 298105000 312578750 12 0 0 0 0
seg: 1 12 254000 0 0
vtx: 2 298104992 312578752 0 0 0 0 0
seg: 2 12 500000 0 0
vtx: 3 299084992 312578752 0 0 0 0 0
seg: 3 12 500000 0 0
vtx: 4 299085000 312578750 0 1 1000000 600000 0
seg: 4 12 254000 0 0
vtx: 5 299084992 312578752 0 0 0 0 05013
net: "NET00016"
connect: 84 2 0 6 0
vtx: 1 296862615 316118749 12 0 0 0 0
seg: 1 12 254000 0 0
vtx: 2 296862496 316071264 0 0 0 0 0
seg: 2 12 500000 0 0
vtx: 3 298291264 316071264 0 0 0 0 0
seg: 3 12 500000 0 0
vtx: 4 303847488 310515008 0 0 0 0 0
seg: 4 12 500000 0 0
vtx: 5 314007488 310515008 0 0 0 0 0
seg: 5 12 500000 0 0
vtx: 6 315753760 312261248 0 0 0 0 0
seg: 6 12 254000 0 0
vtx: 7 315753750 312261250 12 0 0 0 0
net: "+3V"
connect: 85 16 -1 4 0
vtx: 1 308478750 313055214 0 0 0 0 0
seg: 1 12 254000 0 0
vtx: 2 308451264 312737504 0 0 0 0 0
seg: 2 12 1000000 0 0
vtx: 3 308451264 311626240 0 0 0 0 05005
seg: 3 12 500000 0 0
vtx: 4 304958752 311626240 0 0 0 0 0
seg: 4 12 254000 0 0
vtx: 5 304958752 311626240 0 0 0 0 05001
net: "NET00021"
connect: 86 2 1 3 0
vtx: 1 283368857 303081250 12 0 0 0 0
seg: 1 12 254000 0 0
vtx: 2 283368736 303053760 0 0 0 0 0
seg: 2 12 400000 0 0
vtx: 3 281622496 303053760 0 0 0 0 0
seg: 3 12 254000 0 0
vtx: 4 281622178 303026249 12 0 0 0 0
net: "+12V"
connect: 87 3 1 3 0
vtx: 1 303212178 300168749 12 0 0 0 0
seg: 1 12 254000 0 0
vtx: 2 303212512 300355008 0 0 0 0 0
seg: 2 12 1000000 0 0
vtx: 3 304958752 300355008 0 0 0 0 0
seg: 3 12 254000 0 0
vtx: 4 305117500 300514154 12 0 0 0 0
net: "GND"
connect: 88 39 -1 3 0
vtx: 1 283368865 319134999 0 0 0 0 0
seg: 1 12 254000 0 0
vtx: 2 283368736 319087488 0 0 0 0 0
seg: 2 12 500000 0 0
vtx: 3 282098752 319087488 0 0 0 0 0
seg: 3 12 254000 0 0
vtx: 4 282098750 319087500 0 0 0 0 05002
net: "NET00012"
connect: 89 2 1 3 0
vtx: 1 283368428 315726249 12 0 0 0 0
seg: 1 12 254000 0 0
vtx: 2 283368736 315753760 0 0 0 0 0
seg: 2 12 400000 0 0
vtx: 3 281622496 315753760 0 0 0 0 0
seg: 3 12 254000 0 0
vtx: 4 281622607 315781250 12 0 0 0 0
net: "NET00013"
connect: 90 4 0 3 0
vtx: 1 283368857 313876250 12 0 0 0 0
seg: 1 12 254000 0 0
vtx: 2 283368736 313848736 0 0 0 0 0
seg: 2 12 400000 0 0
vtx: 3 281622496 313848736 0 0 0 0 0
seg: 3 12 254000 0 0
vtx: 4 281622178 313821249 12 0 0 0 0
net: "NET00004"
connect: 91 2 0 3 0
vtx: 1 283368428 326521249 12 0 0 0 0
seg: 1 12 254000 0 0
vtx: 2 283368736 326548736 0 0 0 0 0
seg: 2 12 400000 0 0
vtx: 3 281622496 326548736 0 0 0 0 0
seg: 3 12 254000 0 0
vtx: 4 281622607 326576250 12 0 0 0 0
net: "NET00005"
connect: 92 2 1 3 0
vtx: 1 283368857 324671250 12 0 0 0 0
seg: 1 12 254000 0 0
vtx: 2 283368736 324643744 0 0 0 0 0
seg: 2 12 400000 0 0
vtx: 3 281622496 324643744 0 0 0 0 0
seg: 3 12 254000 0 0
vtx: 4 281622178 324616249 12 0 0 0 0
net: "GND"
connect: 93 36 -1 3 0
vtx: 1 283368865 329929999 12 0 0 0 0
seg: 1 12 254000 0 0
vtx: 2 283368736 329882496 0 0 0 0 0
seg: 2 12 500000 0 0
vtx: 3 282098752 329882496 0 0 0 0 0
seg: 3 12 254000 0 0
vtx: 4 282098750 329882500 0 0 0 0 05003
net: "-3V"
connect: 94 6 -1 7 0
vtx: 1 311757500 317658750 12 0 0 0 0
seg: 1 12 254000 0 0
vtx: 2 311784992 317658752 0 0 0 0 0
seg: 2 12 1000000 0 0
vtx: 3 314166240 317658752 0 0 0 0 0
seg: 3 12 1000000 0 0
vtx: 4 314166250 317658750 0 1 1000000 600000 0
seg: 4 13 1000000 0 0
vtx: 5 314166240 317658752 0 0 0 0 0
seg: 5 13 500000 0 0
vtx: 6 317182496 314642496 0 0 0 0 0
seg: 6 13 500000 0 0
vtx: 7 317182496 308451264 0 0 0 0 0
seg: 7 13 254000 0 0
vtx: 8 317182496 308451264 0 0 0 0 05004
net: "NET00020"
connect: 95 2 0 3 0
vtx: 1 283368428 304931249 12 0 0 0 0
seg: 1 12 254000 0 0
vtx: 2 283368736 304958752 0 0 0 0 0
seg: 2 12 400000 0 0
vtx: 3 281622496 304958752 0 0 0 0 0
seg: 3 12 254000 0 0
vtx: 4 281622607 304986250 12 0 0 0 0
net: "+3V"
connect: 96 0 -1 4 0
vtx: 1 315753750 314325000 12 0 0 0 0
seg: 1 12 254000 0 0
vtx: 2 315595008 314324992 0 0 0 0 0
seg: 2 12 1000000 0 0
vtx: 3 312896256 311626240 0 0 0 0 0
seg: 3 12 1000000 0 0
vtx: 4 308451264 311626240 0 0 0 0 0
seg: 4 12 254000 0 0
vtx: 5 308451264 311626240 0 0 0 0 05005
net: "GND"
connect: 97 33 -1 2 0
vtx: 1 295910000 292735000 12 0 0 0 0
seg: 1 12 254000 0 0
vtx: 2 296310016 292735008 0 0 0 0 0
seg: 2 12 500000 0 0
vtx: 3 297006048 292735008 0 0 0 0 0
net: "GND"
connect: 98 32 -1 3 0
vtx: 1 290830000 292735000 12 0 0 0 0
seg: 1 12 254000 0 0
vtx: 2 291230016 292735008 0 0 0 0 0
seg: 2 12 500000 0 0
vtx: 3 291926048 292735008 0 0 0 0 0
seg: 3 12 254000 0 0
vtx: 4 290830016 292735008 0 0 0 0 05006
net: "GND"
connect: 99 37 -1 3 0
vtx: 1 301466365 293640000 12 0 0 0 0
seg: 1 12 254000 0 0
vtx: 2 301466240 293390016 0 0 0 0 0
seg: 2 12 500000 0 0
vtx: 3 301466240 292735008 0 0 0 0 0
seg: 3 12 500000 0 0
vtx: 4 301466250 292100000 0 1 1000000 600000 0
net: "GND"
connect: 100 21 -1 4 0
vtx: 1 314773750 293528750 12 0 0 0 0
seg: 1 12 254000 0 0
vtx: 2 315023744 293528736 0 0 0 0 0
seg: 2 12 500000 0 0
vtx: 3 315605120 293528736 0 0 0 0 0
seg: 3 12 500000 0 0
vtx: 4 315912500 293528750 0 1 1000000 600000 0
seg: 4 12 254000 0 0
vtx: 5 315605120 293528736 0 0 0 0 05014
net: "GND"
connect: 101 10 -1 4 0
vtx: 1 314773750 295116250 12 0 0 0 0
seg: 1 12 254000 0 0
vtx: 2 315023744 295116256 0 0 0 0 0
seg: 2 12 500000 0 0
vtx: 3 315605120 295116256 0 0 0 0 0
seg: 3 12 500000 0 0
vtx: 4 315912500 295116250 0 1 1000000 600000 0
seg: 4 12 254000 0 0
vtx: 5 315605120 295116256 0 0 0 0 05015
net: "GND"
connect: 102 31 -1 2 0
vtx: 1 299878865 293640000 12 0 0 0 0
seg: 1 12 254000 0 0
vtx: 2 299878752 293889984 0 0 0 0 0
seg: 2 12 500000 0 0
vtx: 3 299878752 294471360 0 0 0 0 0
net: "GND"
connect: 103 31 -1 2 0
vtx: 1 299878865 293640000 12 0 0 0 0
seg: 1 12 254000 0 0
vtx: 2 299628736 293640000 0 0 0 0 0
seg: 2 12 500000 0 0
vtx: 3 298897376 293640000 0 0 0 0 0
net: "GND"
connect: 104 31 -1 2 0
vtx: 1 299878865 293640000 12 0 0 0 0
seg: 1 12 254000 0 0
vtx: 2 299878752 293390016 0 0 0 0 0
seg: 2 12 500000 0 0
vtx: 3 299878752 292808640 0 0 0 0 0
net: "GND"
connect: 105 21 -1 2 0
vtx: 1 314773750 293528750 12 0 0 0 0
seg: 1 12 254000 0 0
vtx: 2 314773760 293278752 0 0 0 0 0
seg: 2 12 500000 0 0
vtx: 3 314773760 292547392 0 0 0 0 0
net: "GND"
connect: 106 10 -1 2 0
vtx: 1 314773750 295116250 12 0 0 0 0
seg: 1 12 254000 0 0
vtx: 2 314773760 295366240 0 0 0 0 0
seg: 2 12 500000 0 0
vtx: 3 314773760 296097600 0 0 0 0 0
net: "GND"
connect: 107 0 -1 2 0
vtx: 1 315753750 301307500 13 0 0 0 0
seg: 1 13 254000 0 0
vtx: 2 315353760 301307488 0 0 0 0 0
seg: 2 13 800000 0 0
vtx: 3 314657696 301307488 0 0 0 0 0
net: "GND"
connect: 108 1 -1 2 0
vtx: 1 315753750 310197500 13 0 0 0 0
seg: 1 13 254000 0 0
vtx: 2 315353760 310197504 0 0 0 0 0
seg: 2 13 800000 0 0
vtx: 3 314657696 310197504 0 0 0 0 0
net: "GND"
connect: 109 2 -1 2 0
vtx: 1 315753750 319087500 13 0 0 0 0
seg: 1 13 254000 0 0
vtx: 2 315353760 319087488 0 0 0 0 0
seg: 2 13 800000 0 0
vtx: 3 314657696 319087488 0 0 0 0 0
net: "GND"
connect: 110 2 -1 2 0
vtx: 1 315753750 319087500 13 0 0 0 0
seg: 1 13 254000 0 0
vtx: 2 315753760 318687488 0 0 0 0 0
seg: 2 13 800000 0 0
vtx: 3 315753760 317991424 0 0 0 0 0
net: "GND"
connect: 111 2 -1 2 0
vtx: 1 315753750 319087500 13 0 0 0 0
seg: 1 13 254000 0 0
vtx: 2 316153760 319087488 0 0 0 0 0
seg: 2 13 800000 0 0
vtx: 3 316849824 319087488 0 0 0 0 0
net: "GND"
connect: 112 33 -1 2 0
vtx: 1 295910000 292735000 13 0 0 0 0
seg: 1 13 254000 0 0
vtx: 2 296310016 292735008 0 0 0 0 0
seg: 2 13 800000 0 0
vtx: 3 297006048 292735008 0 0 0 0 0
net: "GND"
connect: 113 33 -1 2 0
vtx: 1 295910000 292735000 13 0 0 0 0
seg: 1 13 254000 0 0
vtx: 2 295910016 293135008 0 0 0 0 0
seg: 2 13 800000 0 0
vtx: 3 295910016 293831072 0 0 0 0 0
net: "GND"
connect: 114 33 -1 2 0
vtx: 1 295910000 292735000 13 0 0 0 0
seg: 1 13 254000 0 0
vtx: 2 295510016 292735008 0 0 0 0 0
seg: 2 13 800000 0 0
vtx: 3 294813952 292735008 0 0 0 0 0
net: "GND"
connect: 115 33 -1 2 0
vtx: 1 295910000 292735000 13 0 0 0 0
seg: 1 13 254000 0 0
vtx: 2 295910016 292335008 0 0 0 0 0
seg: 2 13 800000 0 0
vtx: 3 295910016 291638944 0 0 0 0 0
net: "GND"
connect: 116 32 -1 2 0
vtx: 1 290830000 292735000 13 0 0 0 0
seg: 1 13 254000 0 0
vtx: 2 291230016 292735008 0 0 0 0 0
seg: 2 13 800000 0 0
vtx: 3 291926048 292735008 0 0 0 0 0
net: "GND"
connect: 117 32 -1 2 0
vtx: 1 290830000 292735000 13 0 0 0 0
seg: 1 13 254000 0 0
vtx: 2 290830016 293135008 0 0 0 0 0
seg: 2 13 800000 0 0
vtx: 3 290830016 293831072 0 0 0 0 0
net: "GND"
connect: 118 32 -1 2 0
vtx: 1 290830000 292735000 13 0 0 0 0
seg: 1 13 254000 0 0
vtx: 2 290430016 292735008 0 0 0 0 0
seg: 2 13 800000 0 0
vtx: 3 289733952 292735008 0 0 0 0 0
net: "GND"
connect: 119 32 -1 2 0
vtx: 1 290830000 292735000 13 0 0 0 0
seg: 1 13 254000 0 0
vtx: 2 290830016 292335008 0 0 0 0 0
seg: 2 13 800000 0 0
vtx: 3 290830016 291638944 0 0 0 0 0
net: "GND"
connect: 120 3 -1 2 0
vtx: 1 273843750 304958750 13 0 0 0 0
seg: 1 13 254000 0 0
vtx: 2 273843744 305358752 0 0 0 0 0
seg: 2 13 800000 0 0
vtx: 3 273843744 306054816 0 0 0 0 0
net: "GND"
connect: 121 3 -1 2 0
vtx: 1 273843750 304958750 13 0 0 0 0
seg: 1 13 254000 0 0
vtx: 2 273443744 304958752 0 0 0 0 0
seg: 2 13 800000 0 0
vtx: 3 272747680 304958752 0 0 0 0 0
net: "GND"
connect: 122 3 -1 2 0
vtx: 1 273843750 304958750 13 0 0 0 0
seg: 1 13 254000 0 0
vtx: 2 273843744 304558752 0 0 0 0 0
seg: 2 13 800000 0 0
vtx: 3 273843744 303862688 0 0 0 0 0
net: "GND"
connect: 123 3 -1 2 0
vtx: 1 273843750 304958750 13 0 0 0 0
seg: 1 13 254000 0 0
vtx: 2 274243744 304958752 0 0 0 0 0
seg: 2 13 800000 0 0
vtx: 3 274939808 304958752 0 0 0 0 0
end
